001 018
001 019
001 020
001 023
001 025
002 002
002 003
002 004
002 010
002 011
002 012
002 016
002 017
002 018
002 019
002 020
002 023
002 025
002 028
002 029
002 030
003 002
003 003
003 004
003 010
003 011
003 012
003 016
003 017
003 018
003 028
003 029
003 030
005 002
005 003
005 004
005 010
005 011
005 012
005 016
005 017
005 018
005 019
005 020
005 023
005 025
006 002
006 003
006 004
006 010
006 011
006 012
006 016
006 017
006 018
006 019
006 020
006 023
006 025
006 028
006 029
006 030
007 028
007 029
007 030
009 001
009 002
009 004
009 005
009 007
009 009
009 010
009 012
009 013
009 015
009 016
009 018
009 019
010 001
010 002
010 004
010 005
010 007
010 009
010 010
010 012
010 013
010 015
010 016
010 018
010 019
010 022
010 023
010 027
010 028
010 030
010 031
010 033
010 035
011 022
011 023
011 027
011 028
011 030
011 031
011 033
011 035
