001 001
001 003
001 005
001 007
001 009
001 011
001 013
001 015
002 001
002 003
002 005
002 007
002 009
002 011
002 013
002 015
003 001
003 003
003 005
003 007
003 009
003 011
003 013
003 015
005 001
005 003
005 005
005 007
005 009
005 011
005 013
005 015
007 001
007 003
007 005
007 007
007 009
007 011
007 013
007 015
009 001
009 003
009 005
009 007
009 009
009 011
009 013
009 015
011 001
011 003
011 005
011 007
011 009
011 011
011 013
011 015
013 001
013 003
013 005
013 007
013 009
013 011
013 013
013 015
015 001
015 003
015 005
015 007
015 009
015 011
015 013
015 015
017 001
017 003
017 005
017 007
017 009
017 011
017 013
017 015
019 001
019 003
019 005
019 007
019 009
019 011
019 013
019 015
021 001
021 003
021 005
021 007
021 009
021 011
021 013
021 015
023 001
023 003
023 005
023 007
023 009
023 011
023 013
023 015
025 001
025 003
025 005
025 007
025 009
025 011
025 013
025 015
027 001
027 003
027 005
027 007
027 009
027 011
027 013
027 015
029 001
029 003
029 005
029 007
029 009
029 011
029 013
029 015
031 001
031 003
031 005
031 007
031 009
031 011
031 013
031 015
033 001
033 003
033 005
033 007
033 009
033 011
033 013
033 015
035 001
035 003
035 005
035 007
035 009
035 011
035 013
035 015
037 001
037 003
037 005
037 007
037 009
037 011
037 013
037 015
039 001
039 003
039 005
039 007
039 009
039 011
039 013
039 015
041 001
041 003
041 005
041 007
041 009
041 011
041 013
041 015
043 001
043 003
043 005
043 007
043 009
043 011
043 013
043 015
045 001
045 003
045 005
045 007
045 009
045 011
045 013
045 015
047 001
047 003
047 005
047 007
047 009
047 011
047 013
047 015
049 001
049 003
049 005
049 007
049 009
049 011
049 013
049 015
051 001
051 003
051 005
051 007
051 009
051 011
051 013
051 015
053 001
053 003
053 005
053 007
053 009
053 011
053 013
053 015
055 001
055 003
055 005
055 007
055 009
055 011
055 013
055 015
057 001
057 003
057 005
057 007
057 009
057 011
057 013
057 015
059 001
059 003
059 005
059 007
059 009
059 011
059 013
059 015
061 001
061 003
061 005
061 007
061 009
061 011
061 013
061 015
063 001
063 003
063 005
063 007
063 009
063 011
063 013
063 015
065 001
065 003
065 005
065 007
065 009
065 011
065 013
065 015
067 001
067 003
067 005
067 007
067 009
067 011
067 013
067 015
069 001
069 003
069 005
069 007
069 009
069 011
069 013
069 015
071 001
071 003
071 005
071 007
071 009
071 011
071 013
071 015
073 001
073 003
073 005
073 007
073 009
073 011
073 013
073 015
075 001
075 003
075 005
075 007
075 009
075 011
075 013
075 015
077 001
077 003
077 005
077 007
077 009
077 011
077 013
