001 003
001 009
001 011
001 016
003 002
003 003
003 004
003 008
003 009
003 010
003 011
003 012
003 015
003 016
003 017
005 002
005 003
005 004
005 008
005 009
005 010
005 011
005 012
005 015
005 016
005 017
007 002
007 003
007 004
007 008
007 009
007 010
007 011
007 012
007 015
007 016
007 017
009 002
009 003
009 004
009 008
009 009
009 010
009 011
009 012
009 015
009 016
009 017
011 007
011 008
011 009
011 010
011 011
011 012
011 013
012 001
012 002
012 003
012 004
012 005
012 007
012 008
012 009
012 010
012 011
012 012
012 013
