001 002
001 006
001 009
001 010
001 013
001 015
001 017
001 019
001 021
001 023
001 025
001 026
001 028
001 029
003 002
003 006
003 009
003 010
003 013
003 015
003 017
003 019
003 021
003 023
003 025
003 026
003 028
003 029
005 002
005 006
005 009
005 010
005 013
005 015
005 017
005 019
005 021
005 023
005 025
005 026
005 028
005 029
007 002
007 006
007 009
007 010
007 013
007 015
007 017
007 019
007 021
007 023
007 025
007 028
009 001
009 002
009 003
009 005
009 006
009 007
010 001
010 002
010 003
010 005
010 006
010 007
010 010
010 011
011 001
011 002
011 003
011 010
011 011
012 010
012 011
