001 001
001 017
001 023
001 024
001 025
001 027
001 043
002 001
002 004
002 005
002 006
002 010
002 012
002 013
002 017
002 019
002 020
002 023
002 024
002 025
002 027
002 029
002 031
002 034
002 035
002 036
002 037
002 038
002 043
004 001
004 017
004 023
004 024
004 025
004 027
004 029
004 031
004 033
004 034
004 035
004 036
004 038
004 040
004 043
005 001
005 004
005 005
005 006
005 010
005 012
005 013
005 017
005 019
005 020
005 023
005 024
005 025
005 027
005 029
005 031
005 033
005 034
005 035
005 036
005 038
005 040
005 043
007 001
007 003
007 004
007 006
007 007
007 008
007 009
007 010
007 012
007 013
007 014
007 017
007 027
007 029
007 031
007 032
007 033
007 034
007 035
007 036
007 037
007 038
007 039
007 040
007 041
007 043
008 001
008 003
008 004
008 006
008 007
008 008
008 009
008 010
008 012
008 013
008 014
008 017
008 019
008 020
008 023
008 024
008 027
008 029
008 031
008 032
008 033
008 034
008 035
008 036
008 037
008 038
008 039
008 040
008 041
008 043
010 001
010 017
010 027
010 029
010 031
010 032
010 033
010 034
010 035
010 036
010 037
010 038
010 039
010 040
010 041
010 043
011 001
011 004
011 005
011 006
011 010
011 012
011 013
011 017
011 019
011 020
011 023
011 024
011 027
011 029
011 031
011 032
011 033
011 034
011 035
011 036
011 037
011 038
011 039
011 040
011 041
011 043
013 001
013 003
013 004
013 005
013 006
013 007
013 009
013 010
013 012
013 013
013 014
013 017
013 027
013 043
014 001
014 003
014 004
014 005
014 006
014 007
014 009
014 010
014 012
014 013
014 014
014 017
014 019
014 020
014 023
014 024
014 027
014 029
014 031
014 035
014 036
014 037
014 038
014 043
016 001
016 017
016 027
016 043
017 001
017 004
017 005
017 006
017 010
017 012
017 013
017 017
017 019
017 020
017 023
017 024
017 027
017 029
017 031
017 035
017 036
017 037
017 038
017 043
019 001
019 003
019 004
019 005
019 006
019 009
019 010
019 012
019 013
019 014
019 017
019 027
019 043
020 001
020 003
020 004
020 005
020 006
020 009
020 010
020 012
020 013
020 014
020 017
020 019
020 020
020 023
020 024
020 027
020 029
020 031
020 035
020 036
020 037
020 038
020 043
022 001
022 017
022 027
022 029
022 031
022 035
022 036
022 037
022 038
023 001
023 004
023 005
023 006
023 010
023 012
023 013
023 017
023 019
023 020
023 023
023 024
023 027
023 029
023 031
023 035
023 036
023 037
023 038
025 003
025 004
025 005
025 006
025 007
025 008
025 009
025 010
025 012
025 013
025 014
025 015
025 020
025 021
026 012
026 013
026 014
026 015
026 020
026 021
026 024
026 025
