001 003
001 006
001 007
001 009
001 010
001 015
001 016
001 018
001 019
001 021
002 001
002 003
002 006
002 007
002 009
002 010
002 012
002 013
002 015
002 016
002 018
002 019
002 021
002 023
003 001
003 003
003 009
003 010
003 012
003 013
003 015
003 016
003 021
003 023
005 003
005 006
005 007
005 009
005 010
005 015
005 016
005 018
005 019
005 021
006 001
006 003
006 006
006 007
006 009
006 010
006 012
006 013
006 015
006 016
006 018
006 019
006 021
006 023
007 001
007 003
007 009
007 010
007 012
007 013
007 015
007 016
007 021
007 023
009 003
009 006
009 007
009 009
009 010
009 015
009 016
009 018
009 019
009 021
010 001
010 003
010 006
010 007
010 009
010 010
010 012
010 013
010 015
010 016
010 018
010 019
010 021
011 001
011 003
011 009
011 010
011 012
011 013
011 015
011 016
011 021
013 003
013 006
013 007
013 009
013 010
013 015
013 016
013 018
013 019
013 021
014 003
014 006
014 007
014 009
014 010
014 012
014 013
014 015
014 016
014 018
014 019
014 021
016 005
016 006
016 007
016 008
016 009
016 016
016 017
016 018
016 019
017 005
017 006
017 007
017 008
017 009
017 012
017 013
017 016
017 017
017 018
017 019
019 012
020 012
020 015
020 016
020 017
020 018
021 007
021 008
021 009
021 012
021 015
021 016
021 017
021 018
022 007
022 008
022 009
022 015
022 016
022 017
022 018
