001 001
001 003
001 005
001 006
001 007
002 001
002 003
002 005
002 006
002 007
002 009
002 011
002 013
002 015
002 017
002 019
002 021
002 023
002 025
002 027
003 001
003 003
003 005
003 006
003 007
003 009
003 011
003 013
003 015
003 017
003 019
003 021
003 023
003 025
003 027
003 029
004 009
004 011
004 013
004 015
004 017
004 019
004 021
004 023
004 025
004 027
004 029
005 029
007 003
007 006
008 003
008 006
008 009
008 011
008 013
008 015
008 017
008 019
008 021
008 023
008 025
008 027
009 003
009 006
009 009
009 011
009 013
009 015
009 017
009 019
009 021
009 023
009 025
009 027
009 029
010 009
010 011
010 013
010 015
010 017
010 019
010 021
010 023
010 025
010 027
010 029
011 029
012 003
012 006
012 029
013 003
013 006
014 003
014 006
014 009
014 011
014 013
014 015
014 017
014 019
014 021
014 023
014 025
014 027
015 009
015 011
015 013
015 015
015 017
015 019
015 021
015 023
015 025
015 027
017 006
018 006
018 009
018 011
018 013
018 015
018 017
018 019
018 021
018 023
018 025
018 027
019 009
019 011
019 013
019 015
019 017
019 019
019 021
019 023
019 025
019 027
021 006
022 006
022 009
022 011
022 013
022 015
022 017
022 019
022 021
022 023
022 025
022 027
023 009
023 011
023 013
023 015
023 017
023 019
023 021
023 023
023 025
023 027
