001 005
001 007
001 009
001 012
001 013
001 014
001 018
001 020
001 024
001 028
001 030
001 034
001 035
001 038
001 040
001 042
003 001
003 003
003 005
003 007
003 009
003 011
003 012
003 014
003 015
003 018
003 020
003 022
003 026
003 028
003 030
003 033
003 034
003 035
003 036
003 038
003 040
003 042
003 044
003 046
005 001
005 003
005 005
005 007
005 009
005 011
005 012
005 014
005 015
005 018
005 020
005 022
005 026
005 028
005 030
005 038
005 040
005 042
005 044
005 046
007 011
007 012
007 013
007 014
007 015
007 016
007 032
007 033
007 034
007 035
007 036
008 001
008 003
008 005
008 007
008 009
008 011
008 012
008 013
008 014
008 015
008 016
008 018
008 020
008 022
008 026
008 028
008 030
008 032
008 033
008 034
008 035
008 036
008 038
008 040
008 042
008 044
008 046
009 011
009 012
009 013
009 014
009 015
009 016
009 032
009 033
009 034
009 035
009 036
