001 002
001 003
003 003
003 025
005 001
005 002
005 003
005 004
005 007
005 009
005 011
005 013
005 021
005 022
005 024
005 025
005 026
006 001
006 002
006 003
006 004
006 007
006 009
006 024
006 025
006 026
007 001
007 002
007 003
007 004
007 007
007 009
007 016
007 017
007 019
007 024
007 025
007 026
008 001
008 002
008 003
008 004
008 007
008 009
008 016
008 017
008 019
008 024
008 025
008 026
008 029
009 029
011 001
011 002
011 003
011 004
011 007
011 009
011 016
011 017
011 019
011 024
011 025
011 026
011 028
011 029
013 001
013 002
013 003
013 004
013 007
013 009
013 016
013 017
013 019
013 024
013 025
013 026
013 028
013 029
015 001
015 002
015 003
015 004
015 006
015 007
015 015
015 016
015 024
015 025
015 026
015 028
015 029
016 006
016 007
016 015
016 016
