001 009
001 011
001 013
001 015
002 001
002 002
002 009
002 011
002 013
002 015
003 001
003 002
005 005
005 007
005 009
005 011
005 013
005 015
005 018
005 020
006 001
006 002
006 003
006 005
006 007
006 009
006 011
006 013
006 015
006 018
006 020
007 001
007 002
007 003
009 005
009 007
009 009
009 011
009 013
009 015
009 018
009 020
010 001
010 002
010 003
010 005
010 007
010 009
010 011
010 013
010 015
010 018
010 020
011 001
011 002
011 003
013 005
013 007
013 009
013 011
013 013
013 015
013 018
013 020
014 001
014 002
014 003
014 005
014 007
014 009
014 011
014 013
014 015
014 018
014 020
016 001
016 002
016 003
016 005
016 006
016 007
016 009
016 011
016 013
016 015
016 017
016 018
016 019
016 020
016 021
017 005
017 006
017 007
017 009
017 011
017 013
017 015
017 017
017 018
017 019
017 020
017 021
018 015
018 017
018 018
018 019
018 020
018 021
