001 005
001 006
001 007
001 010
001 011
001 013
001 015
001 016
001 018
001 020
003 003
003 004
003 005
003 007
003 008
003 010
003 011
003 013
003 015
003 016
003 018
005 003
005 004
005 005
005 007
005 008
005 010
005 011
005 013
005 015
005 016
005 018
006 001
006 003
006 004
006 005
006 007
006 008
006 010
006 011
006 013
006 015
006 016
006 018
007 001
009 003
009 004
009 005
009 007
009 008
009 010
009 011
009 013
009 015
009 016
011 003
011 004
011 005
011 007
011 008
011 010
011 011
011 013
011 015
011 016
013 004
013 005
013 006
013 007
013 011
013 012
013 013
013 016
014 004
014 005
014 006
014 007
