001 002
001 003
001 007
001 008
001 017
001 021
001 026
001 030
001 036
001 041
004 001
004 002
004 005
004 008
004 009
004 010
004 013
004 014
004 015
004 019
004 021
004 022
004 024
004 028
004 030
004 031
004 033
004 034
004 038
004 040
004 041
004 043
004 044
004 046
004 047
006 001
006 002
006 005
006 008
006 009
006 010
006 013
006 014
006 015
006 019
006 021
006 022
006 024
006 028
006 030
006 031
006 033
006 034
006 038
006 040
006 041
006 043
006 044
006 046
006 047
008 001
008 002
008 005
008 010
008 012
008 013
008 015
008 019
008 021
008 022
008 024
008 028
008 030
008 031
008 034
008 038
008 040
008 041
008 044
008 047
009 010
009 012
009 013
009 015
010 012
010 013
