001 017
001 018
001 020
001 021
001 027
001 030
001 031
001 033
001 035
001 037
002 017
002 018
002 020
002 021
003 001
003 003
003 004
003 006
003 009
003 010
003 011
003 013
003 017
003 018
003 020
003 021
003 024
004 009
004 010
004 011
006 017
006 018
006 020
006 021
006 027
006 030
006 031
006 033
006 035
006 037
007 001
007 003
007 004
007 006
007 009
007 011
007 013
007 014
007 017
007 018
007 020
007 021
007 024
007 025
007 027
007 030
007 031
007 033
007 035
007 037
008 001
008 003
008 004
008 006
008 009
008 011
008 013
008 014
008 017
008 018
008 020
008 021
008 024
008 025
009 001
009 003
009 004
009 006
009 009
009 011
009 013
009 014
009 017
009 018
009 024
009 025
011 017
011 018
011 020
011 021
011 027
011 029
011 030
011 033
011 035
011 037
012 001
012 003
012 004
012 006
012 009
012 011
012 013
012 014
012 017
012 018
012 020
012 021
012 024
012 025
012 027
012 029
012 030
012 033
012 035
012 037
014 017
014 018
014 020
014 021
015 001
015 003
015 004
015 006
015 009
015 011
015 013
015 014
015 017
015 018
015 020
015 021
015 024
015 025
015 027
015 029
015 030
016 020
016 021
018 001
018 003
018 004
018 006
018 009
018 011
018 013
018 014
018 017
018 018
018 020
018 021
018 024
018 025
019 001
019 003
019 004
019 006
019 009
019 011
019 013
019 014
019 017
019 018
019 020
019 021
019 024
019 025
019 027
019 029
019 030
020 027
020 029
020 030
021 004
021 005
021 006
021 008
021 009
021 010
021 011
021 013
021 014
021 015
021 018
021 019
021 020
021 023
021 024
021 025
021 027
021 029
021 030
022 004
022 005
022 006
022 008
022 009
022 010
022 011
022 013
022 014
022 015
022 018
022 019
022 020
022 023
022 024
022 025
024 018
024 019
024 020
