001 016
001 017
001 019
003 003
003 004
003 007
003 008
003 011
005 016
005 017
005 019
006 004
006 005
006 008
006 009
006 013
006 016
006 017
006 019
007 001
007 004
007 005
007 008
007 009
007 013
007 016
007 017
007 019
008 001
008 004
008 005
008 008
008 009
008 013
009 001
009 004
009 005
009 013
010 001
011 001
011 016
011 017
012 016
012 017
013 004
013 005
013 008
013 009
013 013
013 016
013 017
014 001
014 004
014 005
014 008
014 009
014 013
014 016
014 017
015 001
015 004
015 005
015 013
016 001
017 001
017 016
017 017
018 016
018 017
019 004
019 005
019 008
019 009
019 013
019 016
019 017
022 016
022 017
023 004
023 005
023 008
023 009
023 013
023 016
023 017
025 016
025 017
026 004
026 005
026 008
026 009
026 013
026 016
026 017
028 004
028 005
028 008
028 009
028 013
028 015
028 016
