001 006
001 007
001 021
001 023
002 001
002 002
002 003
002 006
002 007
002 021
002 023
003 001
003 002
003 003
003 006
003 007
003 021
003 023
005 001
005 002
005 003
005 023
006 001
006 002
006 003
006 006
006 007
006 010
006 013
006 014
006 017
006 018
006 020
006 021
006 023
007 001
007 002
007 003
007 006
007 007
007 010
007 017
007 018
007 020
007 021
007 023
009 001
009 002
009 003
009 006
009 007
009 010
009 013
009 014
009 017
009 018
009 020
009 021
009 023
011 002
011 003
011 005
011 006
011 007
011 010
011 011
011 012
011 013
011 015
011 016
011 017
011 020
011 021
012 002
012 003
012 005
012 006
012 007
012 020
012 021
014 005
014 006
014 007
014 020
014 021
015 005
015 006
015 007
015 012
015 013
015 014
015 015
015 020
015 021
017 012
017 013
017 014
017 015
018 012
018 013
018 014
018 015
018 020
018 021
019 007
019 008
019 012
019 013
019 014
019 015
019 020
019 021
020 007
020 008
020 012
020 013
020 014
020 015
021 007
021 008
