001 001
001 003
001 005
001 007
001 009
001 011
001 013
001 015
001 017
001 019
003 001
003 002
003 003
003 005
003 006
003 007
003 009
003 010
003 011
003 013
003 014
003 015
003 017
003 018
003 019
005 001
005 002
005 003
005 005
005 006
005 007
005 009
005 010
005 011
005 013
005 014
005 015
005 017
005 018
005 019
007 001
007 003
007 005
007 007
007 009
007 011
007 013
007 015
007 017
007 019
009 001
009 003
009 005
009 007
009 009
009 011
009 013
009 015
009 017
009 019
011 001
011 003
011 005
011 007
011 009
011 011
011 013
011 015
011 017
011 019
013 001
013 003
013 005
013 007
013 009
013 011
013 013
013 015
013 017
013 019
015 001
015 003
015 005
015 007
015 009
015 011
015 013
015 015
015 017
015 019
017 001
017 003
017 005
017 007
017 009
017 011
017 013
017 015
017 017
017 019
019 001
019 002
019 003
019 005
019 006
019 007
