001 001
001 019
003 001
003 003
003 005
003 007
003 009
003 011
003 013
003 015
003 017
003 019
004 001
004 019
006 001
006 003
006 007
006 013
006 017
006 019
007 001
007 003
007 017
007 019
009 001
009 003
009 007
009 013
009 017
009 019
010 001
010 003
010 017
010 019
012 001
012 003
012 007
012 013
012 017
012 019
013 001
013 003
013 017
013 019
015 001
015 003
015 007
015 013
015 017
015 019
016 001
016 003
016 017
016 019
018 001
018 003
018 007
018 013
018 017
018 019
019 001
019 003
019 017
019 019
021 001
021 003
021 017
021 019
022 003
022 017
024 001
024 019
