001 002
001 006
001 010
001 014
003 001
003 002
003 003
003 005
003 006
003 007
003 009
003 010
003 011
003 013
003 014
003 015
005 001
005 002
005 003
005 005
005 006
005 007
005 009
005 010
005 011
005 013
005 014
005 015
007 001
007 002
007 003
007 005
007 006
007 007
007 009
007 010
007 011
007 013
007 014
007 015
009 001
009 002
009 003
009 005
009 006
009 007
009 009
009 010
009 011
009 013
009 014
009 015
010 001
010 002
010 003
010 013
010 014
010 015
012 001
012 002
012 003
012 005
012 006
012 007
012 009
012 010
012 011
012 013
012 014
012 015
