001 004
001 005
001 008
001 009
001 012
001 013
001 016
001 017
001 018
001 024
001 025
001 028
001 029
001 032
001 033
001 034
003 001
003 005
003 006
003 009
003 010
003 013
003 014
003 018
003 019
003 025
003 026
003 029
003 030
003 034
003 035
003 039
005 001
005 005
005 006
005 009
005 010
005 013
005 014
005 016
005 018
005 019
005 021
005 022
005 025
005 026
005 029
005 030
005 033
005 034
005 035
005 038
005 039
007 001
007 005
007 006
007 009
007 010
007 013
007 014
007 025
007 026
007 029
007 030
007 033
007 034
007 035
007 038
007 039
008 001
008 005
008 006
008 009
008 010
008 013
008 014
008 016
008 017
008 018
008 019
008 025
008 026
008 029
008 030
008 033
008 034
008 035
008 038
008 039
010 001
010 005
010 006
010 009
010 010
010 013
010 014
010 025
010 026
010 029
010 030
010 033
010 034
010 035
010 038
010 039
011 001
011 005
011 006
011 009
011 010
011 013
011 014
011 016
011 017
011 018
011 019
011 025
011 026
011 029
011 030
011 033
011 034
011 035
011 038
011 039
013 003
013 004
013 005
013 006
013 008
013 009
013 010
013 012
013 013
013 014
013 016
013 017
013 018
013 019
013 021
013 024
013 025
013 026
013 028
013 029
013 030
013 032
013 033
013 034
013 035
013 037
013 038
013 039
