001 002
001 005
001 007
001 010
001 014
001 015
001 016
001 017
002 002
002 010
002 014
002 015
002 016
002 017
004 002
004 005
004 007
004 010
004 014
004 015
004 016
004 017
005 002
005 010
005 014
005 015
005 016
005 017
007 002
007 005
007 007
007 010
007 014
007 015
007 016
007 017
008 002
008 010
008 014
008 015
008 016
008 017
010 002
010 005
010 007
010 010
010 014
010 015
010 016
010 017
011 002
011 010
011 014
011 015
011 016
011 017
013 009
013 010
013 011
014 009
014 010
014 011
014 013
014 014
015 001
015 002
015 003
015 009
015 010
015 011
015 013
015 014
015 016
016 009
016 010
016 011
016 016
