001 001
001 002
001 003
001 004
001 007
001 008
001 012
001 016
001 017
001 020
001 021
003 001
003 002
003 003
003 004
003 007
003 008
003 012
003 016
003 017
003 020
003 021
005 001
005 002
005 003
005 004
005 007
005 008
005 012
005 016
005 017
005 020
005 021
007 002
007 003
007 004
007 007
007 008
007 012
007 016
007 017
007 020
007 021
009 002
009 003
009 004
009 007
009 008
009 012
009 016
009 017
009 020
009 021
010 007
010 008
010 012
010 016
010 017
012 002
012 003
012 004
012 007
012 008
012 012
012 016
012 017
012 020
012 021
014 004
014 005
014 008
014 009
014 011
014 012
014 013
014 015
014 016
014 019
014 020
015 011
015 012
015 013
