001 001
001 003
001 004
001 006
001 007
001 009
001 013
001 014
001 015
002 001
002 003
002 004
002 006
002 007
002 009
004 011
004 015
004 016
005 001
005 003
005 004
005 006
005 007
005 009
005 011
005 015
005 016
006 001
006 003
006 004
006 006
006 007
006 009
006 011
007 001
007 003
007 004
007 006
007 007
007 009
009 015
009 016
010 011
010 015
010 016
011 001
011 003
011 004
011 006
011 007
011 009
011 011
011 015
011 016
012 001
012 003
012 004
012 006
012 007
012 009
012 011
013 001
013 003
013 004
013 006
013 007
013 009
015 011
015 015
015 016
016 003
016 004
016 006
016 007
016 009
016 011
016 015
016 016
017 003
017 004
017 006
017 007
017 009
019 009
019 013
019 014
019 015
020 004
020 005
020 006
020 009
020 013
020 014
020 015
021 009
021 013
021 014
021 015
023 004
023 005
023 006
024 004
024 005
024 006
024 009
024 014
024 015
