001 005
001 007
001 009
001 012
001 013
001 015
001 016
001 017
001 020
001 022
001 024
001 027
001 028
001 029
002 027
002 028
002 029
003 001
003 003
004 001
004 003
004 005
004 007
004 009
004 012
004 013
004 017
004 020
004 022
004 024
005 001
005 003
005 005
005 007
005 009
005 012
005 013
005 017
005 020
005 022
005 024
005 026
005 027
005 029
005 030
006 005
006 007
006 009
006 012
006 013
006 017
006 020
006 022
006 024
006 026
006 027
006 029
006 030
008 003
009 003
009 005
009 007
009 009
009 012
009 013
009 014
009 015
009 017
009 020
009 022
009 024
010 009
010 020
011 005
011 007
011 009
011 012
011 013
011 014
011 015
011 017
011 020
011 022
011 024
011 026
011 027
011 028
011 029
011 030
012 026
012 027
012 028
012 029
012 030
014 003
015 003
015 005
015 006
015 007
015 009
015 011
015 012
015 017
015 018
015 020
015 022
015 023
015 024
017 005
017 006
017 007
017 009
017 011
017 012
017 017
017 018
017 020
017 022
017 023
017 024
017 026
017 027
018 026
018 027
020 005
020 006
020 007
020 009
020 011
020 012
020 017
020 018
020 020
020 022
020 023
020 024
021 005
021 006
021 007
021 009
021 011
021 012
021 017
021 018
021 020
021 022
021 023
021 024
021 026
021 027
022 005
022 006
022 007
022 009
022 011
022 012
022 020
022 022
022 023
022 024
022 026
022 027
023 026
023 027
024 017
024 018
024 026
024 027
025 017
025 018
026 005
026 006
026 007
026 009
026 011
026 012
026 017
026 018
027 017
027 018
