001 002
001 003
001 004
001 006
001 007
001 009
001 010
001 012
001 015
001 016
001 017
002 002
002 003
002 004
002 006
002 007
002 009
002 010
002 012
004 014
004 015
005 014
005 015
005 019
006 002
006 003
006 004
006 006
006 007
006 009
006 010
006 012
006 014
006 015
006 019
007 002
007 003
007 004
007 006
007 007
007 009
007 010
007 012
007 019
010 014
010 015
011 014
011 015
011 019
012 002
012 003
012 004
012 006
012 007
012 009
012 010
012 012
012 014
012 015
012 019
013 002
013 003
013 004
013 006
013 007
013 009
013 010
013 012
013 019
014 002
014 003
014 004
014 006
014 007
014 009
014 010
014 012
016 014
016 015
016 019
017 002
017 003
017 004
017 006
017 007
017 009
017 010
017 012
017 014
017 015
017 019
018 002
018 003
018 004
018 006
018 007
018 009
018 010
018 012
018 019
020 001
020 002
020 003
020 012
020 015
020 016
021 001
021 002
021 003
021 007
021 008
021 009
021 012
021 015
021 016
022 007
022 008
022 009
023 001
023 002
023 007
023 008
023 009
023 012
023 015
