001 016
001 017
001 018
003 021
004 001
004 002
004 003
004 004
004 006
004 009
004 011
004 012
004 014
004 015
004 016
004 017
004 018
004 019
004 021
005 001
005 002
005 003
005 004
005 006
005 009
005 011
005 012
005 021
007 001
007 002
007 003
007 004
007 006
007 009
007 011
007 012
007 014
007 015
007 016
007 018
007 019
007 021
009 001
009 002
009 003
009 004
009 006
009 009
009 011
009 012
009 014
009 015
009 016
009 017
009 018
009 019
010 001
010 002
010 003
010 004
010 006
010 009
010 011
010 012
012 001
012 002
012 003
012 004
012 006
012 009
012 011
012 012
012 014
012 015
012 016
012 017
012 018
012 019
014 001
014 002
014 004
014 009
014 011
014 012
014 014
014 015
014 016
014 018
014 019
015 001
015 002
015 004
015 006
015 007
015 009
015 011
015 012
015 014
015 015
015 016
015 018
015 019
016 006
016 007
017 002
017 003
017 004
017 006
017 007
017 009
017 012
017 015
017 016
017 017
017 018
017 019
