001 001
001 003
001 004
001 005
001 007
001 010
001 011
001 013
001 014
001 016
001 018
001 019
001 023
002 001
002 003
002 004
002 005
002 007
002 010
002 011
002 013
002 014
002 016
002 018
002 019
002 023
002 028
003 028
005 001
005 003
005 004
005 005
005 007
005 010
005 011
005 013
005 014
005 016
005 018
005 019
005 021
005 023
005 028
007 001
007 003
007 004
007 005
007 007
007 010
007 011
007 013
007 014
007 016
007 018
007 019
007 021
007 023
007 028
007 029
008 001
010 001
010 003
010 004
010 005
010 007
010 010
010 011
010 013
010 014
010 016
010 018
010 019
010 021
010 023
010 024
010 028
010 029
012 001
012 003
012 004
012 005
012 007
012 010
012 011
012 013
012 014
012 016
012 018
012 019
012 021
012 023
012 028
012 029
013 001
013 003
013 004
013 005
014 001
016 001
016 002
016 003
016 005
016 006
016 007
016 008
017 001
017 002
017 003
017 005
017 006
017 007
017 008
017 011
017 012
017 013
018 011
018 012
018 013
020 001
020 002
020 003
020 005
020 006
020 007
020 008
021 001
021 002
021 003
021 005
021 006
021 007
021 008
021 016
021 017
021 018
021 021
021 022
021 023
021 024
021 025
021 027
021 028
021 029
021 030
022 001
022 002
022 003
022 005
022 006
022 007
022 008
022 011
022 012
022 013
022 016
022 017
022 018
022 021
022 022
022 023
022 024
022 025
022 027
022 028
022 029
022 030
