001 002
001 003
001 004
001 007
001 015
001 017
001 021
001 022
001 023
001 025
001 026
001 027
001 029
001 031
001 038
001 040
001 042
001 044
001 046
002 002
002 003
002 004
002 007
002 015
002 017
002 021
002 022
002 023
002 025
002 026
002 027
002 029
002 031
002 038
002 040
002 042
002 044
002 046
004 002
004 003
004 004
004 007
004 009
004 011
004 013
004 021
004 022
004 023
004 025
004 026
004 027
004 032
004 034
004 036
004 038
004 040
004 041
004 042
004 044
004 046
004 048
006 002
006 003
006 004
006 007
006 009
006 011
006 013
006 021
006 023
006 025
006 027
006 032
006 034
006 036
006 038
006 040
006 041
006 042
006 044
006 046
006 048
008 001
008 002
008 003
008 004
008 011
008 012
008 013
008 021
008 023
008 025
008 027
008 034
008 035
008 036
008 038
008 040
008 041
008 042
008 044
008 046
008 048
010 017
010 018
