001 009
003 004
003 005
003 007
003 009
003 010
003 012
005 009
005 010
006 001
006 004
006 005
006 007
006 009
006 010
006 012
006 013
007 001
007 004
007 005
007 007
007 012
007 013
008 001
008 004
008 005
008 007
008 009
008 010
008 012
008 013
009 009
009 010
010 001
010 004
010 005
010 007
010 009
010 010
010 012
010 013
011 001
011 004
011 005
011 007
011 012
011 013
012 001
012 004
012 005
012 007
012 009
012 010
012 012
012 013
013 009
013 010
015 003
015 004
015 012
015 013
016 012
016 013
017 003
017 004
017 012
017 013
018 003
018 004
