001 006
001 017
003 001
003 003
003 005
003 006
003 008
003 010
003 012
003 014
003 017
003 020
003 022
003 024
003 026
003 028
004 001
004 003
004 005
004 006
004 008
004 010
004 012
004 014
004 017
006 001
006 003
006 005
006 006
006 008
006 010
006 012
006 014
006 017
006 020
006 022
006 024
006 026
006 028
007 001
007 003
007 005
007 006
007 008
007 010
007 012
007 014
007 017
009 020
009 022
009 024
009 026
010 001
010 003
010 005
010 006
010 008
010 010
010 012
010 014
010 017
010 020
010 022
010 024
010 026
011 001
011 003
011 005
011 006
011 008
011 010
011 012
011 014
011 017
013 016
013 017
013 018
