001 009
003 004
003 005
003 006
003 013
003 014
003 015
003 016
005 034
007 003
007 004
007 005
007 006
007 009
007 010
007 011
007 016
007 017
007 018
008 003
008 004
008 005
008 006
008 009
008 010
008 011
008 016
008 017
008 018
008 031
008 032
008 034
009 001
009 003
009 004
009 005
009 006
009 009
009 010
009 011
009 016
009 017
009 018
009 031
009 032
009 034
010 001
010 003
010 004
010 005
010 006
010 009
010 010
010 011
010 016
010 017
010 018
012 009
012 011
012 012
012 013
012 016
014 034
014 036
015 004
015 006
015 007
015 013
015 014
015 016
015 017
015 020
015 022
015 024
015 026
015 034
015 036
016 004
016 006
016 007
016 013
016 014
016 016
016 017
016 020
016 022
016 024
016 026
018 028
018 030
018 031
018 032
018 033
018 034
018 036
018 037
018 039
020 004
020 006
020 007
020 013
020 014
020 016
020 017
020 020
020 022
020 024
020 026
020 030
020 031
020 032
020 036
020 037
021 004
021 006
021 007
021 013
021 014
021 016
021 017
021 020
021 022
021 024
021 026
