001 006
001 007
001 008
001 010
001 011
001 014
001 015
001 017
001 018
001 020
001 021
001 023
003 004
003 005
003 006
003 008
003 009
003 010
003 013
003 014
003 016
003 017
003 020
003 021
003 023
005 004
005 005
005 006
005 008
005 009
005 010
005 013
005 014
005 016
005 017
005 020
005 021
005 023
007 001
007 002
007 004
007 005
007 006
007 008
007 009
007 010
007 013
007 014
007 016
007 017
007 020
007 021
007 023
007 025
009 001
009 002
009 004
009 005
009 006
009 008
009 009
009 010
009 013
009 014
009 016
009 017
009 020
009 021
009 023
009 025
011 001
011 002
011 004
011 005
011 006
011 008
011 009
011 010
011 013
011 014
011 016
011 017
011 020
011 021
011 023
011 025
013 001
013 002
013 004
013 005
013 006
013 008
013 009
013 010
013 013
013 014
013 016
013 017
013 020
013 021
013 023
013 025
015 001
015 002
015 004
015 005
015 006
015 008
015 009
015 010
015 013
015 014
015 016
015 017
015 020
015 021
015 023
015 025
017 001
017 002
017 005
017 006
017 007
017 008
017 009
017 010
017 014
017 015
017 016
017 017
017 021
017 022
017 023
017 025
019 001
019 002
019 005
019 006
019 007
019 008
019 009
019 010
019 014
019 015
019 016
019 017
019 021
019 022
019 023
019 025
021 001
021 002
021 005
021 006
021 007
021 008
021 009
021 010
021 014
021 015
021 016
021 017
021 021
021 022
021 023
021 025
022 001
022 002
022 005
022 006
022 007
022 008
022 009
022 010
022 014
022 015
022 016
022 017
022 021
022 022
022 023
024 005
024 006
024 007
024 008
024 009
024 010
024 011
024 014
024 015
024 016
024 017
024 020
024 021
024 022
024 023
025 005
025 006
025 007
025 008
025 009
025 010
025 011
025 014
025 015
025 016
025 017
025 020
025 021
025 022
025 023
025 025
026 001
026 002
026 005
026 006
026 007
026 008
026 009
026 010
026 011
026 014
026 015
026 016
026 017
026 020
026 021
026 022
026 023
026 025
027 001
027 002
