001 008
001 009
002 008
002 009
002 019
002 021
002 023
003 001
003 003
003 005
003 008
003 009
003 011
003 013
003 015
003 017
003 019
003 021
003 023
004 001
004 003
004 005
004 011
004 013
004 015
004 017
004 019
004 021
004 023
005 001
005 003
005 005
005 011
005 013
005 015
005 017
007 008
007 009
007 019
007 021
007 023
008 001
008 003
008 005
008 008
008 009
008 011
008 013
008 015
008 017
008 019
008 021
008 023
009 001
009 003
009 005
009 011
009 013
009 015
009 017
011 008
011 009
011 019
011 021
012 003
012 005
012 008
012 009
012 011
012 013
012 015
012 017
012 019
012 021
013 003
013 005
013 008
013 009
013 011
013 013
013 015
013 017
014 003
014 005
014 011
014 013
014 015
014 017
016 003
016 005
016 007
016 008
016 011
016 013
016 015
016 017
