001 037
001 039
001 041
001 043
002 015
002 017
002 019
002 021
002 023
002 025
002 027
002 029
002 031
002 033
002 035
002 037
002 039
002 041
002 043
003 015
003 017
003 019
003 021
003 023
003 025
003 027
003 029
003 031
003 033
003 035
004 009
004 011
004 013
004 015
004 017
004 019
004 021
004 023
004 025
004 027
004 029
004 031
004 033
004 035
005 009
005 011
005 013
006 009
006 011
006 013
006 037
006 039
006 041
006 043
007 037
007 039
007 041
007 043
008 015
008 017
008 019
008 021
008 023
008 025
008 027
008 029
008 031
008 033
008 035
008 037
008 039
008 041
008 043
009 015
009 017
009 019
009 021
009 023
009 025
009 027
009 029
009 031
009 033
009 035
010 001
010 003
010 005
010 007
010 009
010 011
010 013
010 015
010 017
010 019
010 021
010 023
010 025
010 027
010 029
010 031
010 033
010 035
011 001
011 003
011 005
011 007
011 009
011 011
011 013
011 015
011 017
011 019
011 021
011 023
012 001
012 003
012 005
012 007
012 009
012 011
012 013
014 039
015 021
015 039
016 021
