001 005
001 007
001 009
001 010
001 012
001 014
001 015
001 017
001 019
001 021
001 023
001 025
001 027
002 002
002 005
002 007
002 009
002 010
002 012
002 014
002 015
002 017
002 019
002 021
002 023
002 025
002 027
002 029
002 031
002 032
002 036
002 038
003 002
003 012
003 014
003 015
003 017
003 019
003 021
003 029
003 031
003 032
003 036
003 038
004 002
004 029
004 031
004 032
004 036
004 038
006 005
006 007
006 009
006 010
006 012
006 014
006 015
006 017
006 019
006 021
006 023
006 025
006 027
007 002
007 005
007 007
007 009
007 010
007 012
007 014
007 015
007 017
007 019
007 021
007 023
007 025
007 027
007 029
007 031
007 032
007 036
007 038
008 002
008 029
008 031
008 032
008 036
008 038
010 002
010 005
010 007
010 009
010 010
010 012
010 014
010 015
010 017
010 019
010 021
010 023
010 025
010 027
011 002
011 005
011 007
011 009
011 010
011 012
011 014
011 015
011 017
011 019
011 021
011 023
011 025
011 027
011 029
011 030
011 031
011 032
011 034
011 036
011 037
011 038
014 029
014 030
014 031
014 032
014 034
014 036
014 037
014 038
016 001
016 002
016 004
016 005
016 006
016 007
016 008
016 009
016 012
016 013
016 014
016 017
016 019
016 020
016 021
018 017
019 017
019 029
019 030
019 031
