001 021
001 022
001 023
001 024
002 021
002 022
002 023
002 024
002 026
003 006
003 007
003 009
003 010
003 011
003 013
003 014
003 016
003 017
003 021
003 022
003 023
003 024
003 026
004 006
004 007
004 009
004 010
004 011
004 013
004 014
004 016
004 017
004 026
005 006
005 007
005 009
005 010
005 011
005 013
005 014
005 016
005 017
007 001
007 002
007 003
007 004
008 001
008 002
008 003
008 004
008 026
009 001
009 002
009 003
009 004
009 007
009 008
009 009
009 014
009 015
009 016
009 020
009 021
009 023
009 026
010 007
010 008
010 009
010 014
010 015
010 016
010 020
010 021
010 023
010 026
012 001
012 002
012 003
012 004
013 001
013 002
013 003
013 004
013 007
013 008
013 009
013 013
013 014
013 015
013 016
013 017
013 019
013 020
013 021
013 022
013 023
013 024
014 001
014 002
014 003
014 004
014 013
014 014
014 015
014 016
014 017
014 019
014 020
014 021
014 022
014 023
014 024
015 001
015 002
015 003
015 004
015 007
015 008
015 009
015 013
015 014
015 015
015 016
015 017
015 019
015 020
015 021
015 022
015 023
015 024
016 013
016 014
016 015
016 016
016 017
018 002
018 003
018 004
018 007
018 008
018 009
018 013
018 014
018 015
018 016
018 017
018 020
018 021
018 022
018 023
020 003
020 014
020 015
020 016
020 020
020 021
020 023
021 003
021 006
021 007
021 008
021 009
021 010
021 014
021 015
021 016
021 020
021 021
021 023
022 006
022 007
022 008
022 009
022 010
023 006
023 007
023 008
023 009
023 010
023 014
023 015
023 016
023 020
023 021
023 023
024 014
024 015
024 016
