001 002
001 004
001 005
001 006
001 008
001 010
001 011
001 012
001 014
001 015
001 016
001 018
001 019
001 020
001 021
003 001
003 002
003 004
003 005
003 006
003 008
003 010
003 011
003 012
003 014
003 015
003 016
003 019
003 020
003 021
003 024
005 004
005 005
005 006
005 008
005 010
005 011
005 012
005 014
005 015
005 016
005 019
005 020
005 021
007 004
007 005
007 006
007 008
007 010
007 011
007 012
007 014
007 015
007 016
007 019
007 020
007 021
009 004
009 005
009 006
009 008
009 010
009 011
009 012
009 014
009 015
009 016
009 019
009 020
009 021
011 008
012 005
012 008
012 011
012 015
012 020
013 008
