001 021
003 003
003 005
003 007
003 009
003 012
003 015
003 018
003 023
003 026
003 029
005 001
005 002
005 003
005 005
005 007
005 009
005 010
005 012
005 015
005 016
005 018
005 019
005 023
005 024
005 026
005 027
005 029
005 030
007 001
007 002
007 003
007 005
007 007
007 009
007 010
007 012
007 015
007 016
007 018
007 019
007 023
007 024
007 026
007 027
007 029
007 030
009 001
009 002
009 003
009 005
009 007
009 009
009 010
009 012
009 015
009 016
009 018
009 019
009 023
009 024
009 026
009 027
009 029
009 030
011 001
011 002
011 003
011 005
011 007
011 009
011 010
011 012
011 015
011 016
011 018
011 019
011 023
011 024
011 026
011 027
