001 007
001 008
001 023
001 024
001 025
003 010
003 012
003 013
003 015
004 003
004 005
004 008
004 010
004 012
004 013
004 015
004 018
004 019
004 021
004 023
004 025
004 028
004 030
005 003
005 005
005 008
005 018
005 019
005 021
005 023
005 025
005 028
005 030
006 005
006 018
006 019
006 030
008 001
008 003
008 005
008 008
008 010
008 012
008 013
008 015
008 018
008 028
008 030
008 031
009 001
009 003
009 005
009 008
009 018
009 028
009 030
009 031
010 001
010 005
010 018
010 030
010 031
011 001
011 005
011 010
011 012
011 013
011 015
011 018
011 021
011 023
011 025
011 030
011 031
012 010
012 012
012 013
012 015
012 021
012 023
012 025
014 001
014 003
014 005
014 008
014 018
014 028
014 030
014 031
015 001
015 005
015 018
015 030
015 031
016 001
016 005
016 010
016 012
016 013
016 015
016 018
016 021
016 023
016 025
016 030
016 031
017 010
017 012
017 013
017 015
017 021
017 023
017 025
019 001
019 003
019 005
019 008
019 018
019 028
019 030
019 031
020 001
020 005
020 018
020 030
020 031
021 001
021 005
021 010
021 013
021 014
021 015
021 016
021 018
021 025
021 026
021 030
021 031
022 010
022 013
022 014
022 015
022 016
022 025
022 026
023 013
023 014
023 015
023 016
023 025
023 026
