001 001
001 002
001 003
001 004
001 006
001 007
001 008
001 009
001 011
001 012
001 013
001 014
001 016
001 017
001 018
001 019
001 021
001 022
001 023
001 024
001 026
001 027
001 029
001 030
001 031
001 032
003 002
003 004
003 007
003 009
003 012
003 014
003 017
003 019
003 022
003 024
003 031
003 032
003 034
003 035
003 037
003 042
003 043
003 045
003 047
003 049
005 002
005 003
005 004
005 007
005 008
005 009
005 012
005 013
005 014
005 017
005 018
005 019
005 022
005 023
005 024
005 026
005 027
005 031
005 032
005 034
005 035
005 038
005 039
005 042
005 043
005 044
005 045
005 047
005 048
005 049
006 002
006 003
006 004
006 007
006 008
006 009
006 012
006 013
006 014
006 017
006 018
006 019
006 022
006 023
006 024
006 042
006 043
006 044
006 045
006 047
006 048
006 049
008 002
008 003
008 004
008 007
008 008
008 009
008 012
008 013
008 014
008 017
008 018
008 019
008 022
008 023
008 024
008 027
008 029
008 032
008 033
008 035
008 036
008 037
008 039
008 040
008 042
008 043
008 044
008 045
008 047
008 048
008 049
010 001
010 002
010 003
010 004
010 006
010 007
010 008
010 009
010 011
010 012
010 013
010 014
010 016
010 017
010 018
010 019
010 021
010 022
010 023
010 024
010 029
010 030
010 031
010 032
010 033
010 034
010 035
010 036
010 037
010 038
010 039
010 043
010 044
010 045
010 046
010 047
010 048
010 049
