001 002
001 003
001 006
001 008
001 011
001 014
001 015
001 017
001 019
001 022
001 025
001 026
001 028
001 030
001 031
001 033
002 002
002 003
002 006
002 008
002 011
002 014
002 015
002 019
002 022
002 025
002 026
002 028
002 030
002 031
002 033
004 001
004 002
004 005
004 006
004 010
004 011
004 013
004 014
004 017
004 021
004 022
004 024
004 025
004 028
004 029
004 030
004 033
004 034
006 001
006 002
006 005
006 006
006 010
006 011
006 013
006 014
006 017
006 021
006 022
006 024
006 025
006 028
006 029
006 030
006 033
006 034
008 001
008 002
008 005
008 006
008 010
008 011
008 013
008 014
008 017
008 021
008 022
008 024
008 025
008 028
008 029
008 030
008 033
008 034
010 001
010 002
010 005
010 006
010 010
010 011
010 013
010 014
010 017
010 021
010 022
010 024
010 025
010 028
010 029
010 030
010 033
010 034
012 001
012 002
012 005
012 006
012 010
012 011
012 013
012 014
012 017
012 021
012 022
012 024
012 025
012 028
012 029
012 030
012 033
012 034
014 001
014 002
014 005
014 006
014 010
014 011
014 013
014 014
014 017
014 021
014 022
014 024
014 025
014 028
014 029
014 030
014 033
014 034
016 001
016 002
016 005
016 006
016 010
016 011
016 013
016 014
016 017
016 021
016 022
016 024
016 025
016 028
016 029
016 030
016 033
016 034
017 017
017 028
017 029
017 030
019 001
019 002
019 005
019 006
019 010
019 011
019 013
019 014
019 017
019 021
019 022
019 024
019 025
019 028
019 029
019 030
019 033
019 034
021 001
021 002
021 005
021 006
021 010
021 011
021 013
021 014
021 017
021 021
021 022
021 024
021 025
021 028
021 029
021 030
021 033
021 034
023 001
023 002
023 005
023 006
023 010
023 011
023 013
023 014
023 017
023 021
023 022
023 024
023 025
023 028
023 029
023 030
023 033
023 034
