001 004
001 006
001 010
001 011
001 013
001 014
002 004
002 006
002 010
002 011
002 013
002 014
003 001
004 001
004 004
004 006
004 010
004 011
004 013
004 014
004 016
004 018
005 004
005 006
005 010
005 011
005 013
005 014
005 016
005 018
006 001
006 004
006 006
006 010
006 011
006 013
006 014
006 016
006 018
008 001
009 001
009 008
010 001
010 008
010 011
010 012
010 013
011 001
011 004
011 006
011 008
011 011
011 012
011 013
011 016
011 018
012 004
012 006
012 008
012 011
012 012
012 013
012 016
012 018
013 001
013 004
013 006
013 008
013 011
013 012
013 013
013 016
013 018
014 001
014 004
014 006
014 016
014 018
016 001
017 001
017 008
017 011
017 012
017 013
018 001
018 004
018 006
018 008
018 011
018 012
018 013
018 016
018 018
019 004
019 006
019 008
019 011
019 012
019 013
019 016
019 018
020 001
020 004
020 006
020 008
020 011
020 012
020 013
020 016
020 018
022 006
024 001
025 001
025 008
025 011
025 012
025 013
026 008
026 011
026 012
026 013
