001 014
001 015
001 016
001 017
001 018
001 019
003 021
003 026
003 031
004 013
004 014
004 016
004 018
004 019
004 021
004 026
004 031
005 001
005 003
005 005
005 007
005 009
005 011
005 013
005 014
005 016
005 018
005 019
005 021
005 026
005 031
006 013
006 014
006 016
006 018
006 019
008 001
008 003
008 005
008 007
008 009
008 011
008 013
008 014
008 016
008 018
008 019
008 021
008 026
008 031
010 019
010 025
010 026
010 027
012 019
012 023
012 025
012 026
012 027
012 029
013 019
013 023
013 025
013 026
013 027
