001 004
001 007
001 008
001 010
001 011
001 013
001 014
001 016
001 017
001 019
002 001
002 004
002 007
002 008
002 010
002 011
002 013
002 014
002 016
002 017
002 019
003 001
005 004
005 007
005 008
005 010
005 011
005 013
005 014
005 016
005 017
005 019
006 001
006 004
006 007
006 008
006 010
006 011
006 013
006 014
006 016
006 017
006 019
007 001
009 004
009 007
009 008
009 010
009 011
009 013
009 014
009 016
009 017
009 019
010 001
010 004
010 007
010 008
010 010
010 011
010 013
010 014
010 016
010 017
010 019
011 001
013 004
013 007
013 008
013 010
013 011
013 013
013 014
013 016
013 017
013 019
014 001
014 004
014 007
014 008
014 010
014 011
014 013
014 014
014 016
014 017
014 019
016 001
016 003
016 004
016 005
016 008
016 009
016 010
016 014
016 015
016 016
017 003
017 004
017 005
017 008
017 009
017 010
017 014
017 015
017 016
018 003
018 004
018 005
018 008
018 009
018 010
