001 001
002 001
002 003
003 003
005 001
006 001
006 003
007 003
008 003
008 005
008 007
008 009
008 011
008 013
008 014
008 015
008 017
009 005
009 007
009 009
009 011
009 013
009 014
009 015
009 017
010 001
010 005
010 007
010 009
010 011
010 013
010 014
010 015
010 017
011 001
011 003
011 005
011 007
011 009
011 011
011 013
011 014
011 015
011 017
012 001
012 003
013 003
015 005
015 007
015 009
015 011
015 013
015 014
015 015
015 017
016 003
016 005
016 007
016 009
016 011
016 013
016 014
016 015
016 017
017 003
019 009
019 011
019 013
019 014
019 015
019 017
021 009
021 014
