001 002
001 008
001 009
001 010
001 013
001 016
001 019
001 020
001 021
001 026
001 028
002 002
002 008
002 009
002 010
002 013
002 016
002 019
002 020
002 021
002 026
002 028
002 030
003 030
005 002
005 008
005 009
005 010
005 013
005 016
005 018
005 019
005 021
005 022
005 024
005 028
006 002
006 008
006 009
006 010
006 013
006 016
006 018
006 019
006 021
006 022
006 024
006 028
006 031
007 031
008 002
008 005
008 006
008 013
008 016
008 018
008 019
008 021
008 022
008 024
008 028
009 002
009 005
009 006
009 013
009 016
009 018
009 019
009 021
009 022
009 024
009 028
009 031
010 031
012 001
012 002
012 003
012 012
012 013
012 014
013 001
013 002
013 003
013 006
013 007
013 008
013 010
013 012
013 013
013 014
014 001
014 002
014 003
014 006
014 007
014 008
014 012
014 013
014 014
