001 001
001 003
001 005
001 007
001 009
001 011
001 013
001 015
001 017
001 020
001 021
003 003
003 005
003 007
003 009
003 011
003 013
003 015
003 017
004 003
004 005
004 007
004 009
004 011
004 013
004 015
004 017
004 019
004 020
005 019
005 020
007 003
007 005
007 007
007 009
007 011
007 013
007 015
007 017
008 003
008 005
008 007
008 009
008 011
008 013
008 015
008 017
008 019
008 020
009 019
009 020
011 003
011 005
011 007
011 009
011 011
011 013
011 015
011 017
013 003
013 005
013 007
013 009
013 011
013 013
013 015
013 017
