001 005
001 006
001 007
001 008
002 005
002 006
002 007
002 008
002 013
002 014
002 016
002 018
002 019
003 013
003 014
003 016
003 018
003 019
004 013
004 014
004 018
004 019
006 002
006 003
006 004
006 005
006 008
006 009
006 010
007 002
007 003
007 004
007 005
007 008
007 009
007 010
007 012
007 013
007 016
007 019
007 020
008 008
008 009
008 010
008 016
009 016
010 001
010 002
010 004
010 005
010 007
010 008
010 010
011 001
011 002
011 004
011 005
011 007
011 008
011 010
011 012
011 013
011 016
011 019
011 020
