001 001
001 007
001 008
001 009
001 017
002 001
002 004
002 007
002 008
002 009
002 012
002 017
002 019
002 020
002 021
002 022
003 019
003 020
003 021
003 022
005 001
005 007
005 008
005 009
005 016
005 017
006 001
006 004
006 007
006 008
006 009
006 012
006 013
006 016
006 017
006 019
006 021
006 022
006 023
007 004
007 012
007 013
009 001
009 007
009 008
009 009
009 016
009 017
010 001
010 004
010 007
010 008
010 009
010 012
010 013
010 016
010 017
010 019
010 021
010 022
010 023
012 001
012 007
012 008
012 009
012 016
012 017
013 001
013 004
013 007
013 008
013 009
013 012
013 013
013 016
013 017
013 019
013 021
013 022
013 023
015 004
015 007
015 008
015 009
015 012
015 013
015 016
015 017
015 019
015 021
015 022
015 023
017 019
017 020
017 021
018 003
018 004
018 005
018 007
018 008
018 009
018 011
018 012
018 013
018 014
018 016
018 017
018 019
018 020
018 021
020 008
