003 002
003 004
003 005
003 011
003 014
003 016
003 017
003 020
003 021
003 023
005 001
005 002
005 005
005 008
005 010
005 011
005 013
005 014
005 017
005 019
005 020
006 001
006 002
006 019
006 020
008 008
008 010
008 011
008 013
008 014
009 001
009 002
009 005
009 008
009 010
009 011
009 013
009 014
009 016
009 017
009 019
009 020
010 001
010 002
010 019
010 020
011 001
011 002
011 008
011 010
011 011
011 013
011 014
011 019
011 020
012 008
012 010
012 011
012 013
012 014
014 001
014 002
014 005
014 006
014 008
014 010
014 011
014 013
014 014
014 016
014 017
014 019
014 020
015 001
015 002
015 019
015 020
