001 004
001 007
001 008
001 010
001 011
001 013
001 014
001 016
001 017
001 019
001 021
001 023
001 025
002 001
002 004
002 007
002 008
002 010
002 011
002 013
002 014
002 016
002 017
002 019
002 021
002 023
002 025
002 027
002 029
003 001
003 004
003 007
003 008
003 010
003 011
003 013
003 014
003 016
003 017
003 019
003 021
003 023
003 025
003 027
003 029
004 001
004 027
004 029
005 027
005 029
007 004
007 007
007 008
007 010
007 011
007 013
007 014
007 016
007 017
007 019
007 021
007 023
007 025
008 001
008 004
008 007
008 008
008 010
008 011
008 013
008 014
008 016
008 017
008 019
008 021
008 023
008 025
009 001
009 004
009 007
009 008
009 010
009 011
009 013
009 014
009 016
009 017
009 019
009 021
009 023
009 025
009 027
009 029
010 001
010 027
010 029
011 027
011 029
013 004
013 007
013 008
013 010
013 011
013 013
013 014
013 016
013 017
013 019
013 021
013 023
013 025
014 001
014 004
014 007
014 008
014 010
014 011
014 013
014 014
014 016
014 017
014 019
014 021
014 023
014 025
015 001
015 004
015 007
015 008
015 010
015 011
015 013
015 014
015 016
015 017
015 019
015 021
015 023
015 025
015 027
015 029
016 001
016 027
016 029
017 027
017 029
019 003
019 004
019 005
019 008
019 009
019 010
019 014
019 015
019 016
020 001
020 003
020 004
020 005
020 008
020 009
020 010
020 014
020 015
020 016
021 001
021 014
021 015
021 016
022 014
022 015
022 016
