001 001
001 002
001 004
001 006
001 008
001 010
001 012
001 014
001 016
001 018
001 019
003 001
003 002
003 004
003 006
003 008
003 010
003 012
003 014
003 016
003 018
003 019
005 001
005 002
005 004
005 006
005 008
005 010
005 012
005 014
005 016
005 018
005 019
007 001
007 002
007 004
007 006
007 008
007 010
007 012
007 014
007 016
007 018
007 019
009 001
009 002
009 004
009 006
009 008
009 010
009 012
009 014
009 016
009 018
009 019
011 001
011 002
011 004
011 006
011 008
011 010
011 012
011 014
011 016
011 018
011 019
013 001
013 002
013 004
013 006
013 008
013 010
013 012
013 014
013 016
013 018
013 019
015 001
015 002
015 004
015 006
015 008
015 010
015 012
015 014
015 016
015 018
015 019
017 001
017 002
017 004
017 006
017 008
017 010
017 012
017 014
017 016
017 018
017 019
019 002
019 003
019 004
019 005
019 006
019 008
019 009
019 010
019 011
019 012
019 014
019 015
019 016
020 002
020 003
020 004
020 005
020 006
020 008
020 009
020 010
020 011
020 012
020 014
020 015
020 016
020 019
020 020
021 002
021 003
021 004
021 005
021 006
021 008
021 009
021 010
021 011
021 012
021 014
021 015
021 016
