001 001
001 003
001 005
001 007
001 009
001 011
001 013
001 015
001 017
001 019
001 021
001 023
001 025
001 027
001 029
001 031
001 033
001 035
001 037
001 039
001 041
001 043
001 045
003 027
003 029
003 031
005 001
005 003
005 005
005 007
005 009
005 011
005 013
005 015
005 017
005 019
005 021
005 023
005 025
005 027
005 029
005 031
005 033
005 035
005 037
005 039
007 027
007 029
007 031
008 001
008 003
008 005
008 007
008 009
008 011
008 013
008 015
008 017
008 019
008 021
008 023
008 025
008 027
008 029
008 031
008 033
008 035
008 037
008 039
010 027
010 029
010 031
012 001
012 003
012 005
012 007
012 009
012 011
012 013
012 015
012 017
012 019
012 021
012 023
012 025
012 027
012 029
012 031
012 033
012 035
012 037
014 027
014 029
014 031
016 001
016 003
016 005
016 007
016 009
016 011
016 013
016 015
016 017
016 019
016 021
016 023
016 025
016 027
016 029
016 031
016 033
016 035
