001 022
001 030
002 009
002 010
002 012
002 014
002 017
002 019
002 022
002 024
002 026
002 028
002 030
003 005
003 006
003 009
003 010
003 012
003 014
003 017
003 019
003 022
003 024
003 026
003 028
003 030
004 002
004 005
004 006
004 009
004 010
004 012
004 014
004 017
004 019
004 022
004 024
004 026
004 028
004 030
005 002
007 004
007 005
007 008
007 009
007 012
007 014
007 017
007 019
007 022
007 024
007 026
007 028
007 030
008 002
008 004
008 005
008 008
008 009
008 012
008 014
008 017
008 019
008 022
008 024
008 026
008 028
008 030
009 002
011 002
011 004
011 005
011 008
011 009
011 012
011 014
011 017
011 019
011 022
011 024
011 026
011 028
011 030
013 026
014 001
014 002
014 003
014 004
014 005
014 006
014 007
014 008
014 009
014 010
014 011
014 012
014 026
015 001
015 002
015 003
015 004
015 005
015 006
015 007
015 008
015 009
015 010
015 011
015 012
015 014
015 016
015 017
015 018
015 019
015 020
015 026
016 014
016 026
