001 003
001 004
001 005
001 011
001 012
001 013
001 017
001 018
003 001
003 004
003 008
003 012
003 015
003 018
003 020
003 021
003 022
003 023
003 024
003 025
005 004
005 008
005 012
005 015
005 018
005 020
005 022
005 023
005 025
005 026
007 004
007 008
007 012
007 015
007 018
007 020
007 022
007 023
007 025
007 026
009 004
009 008
009 012
009 015
009 018
009 020
009 021
009 023
009 024
009 025
009 026
011 007
011 008
011 009
011 012
011 015
011 018
011 020
011 021
011 023
011 024
011 025
011 026
012 012
012 015
012 018
012 020
012 021
012 023
012 024
012 025
012 026
013 007
013 008
013 009
013 012
013 015
013 018
013 020
013 021
013 023
013 024
013 025
013 026
014 007
014 008
014 009
