001 018
002 001
002 003
002 005
002 006
002 007
002 010
002 011
002 013
002 015
002 016
002 018
003 001
003 003
003 005
003 006
003 007
003 010
003 011
003 013
003 015
003 016
005 018
006 001
006 003
006 005
006 006
006 007
006 010
006 011
006 013
006 015
006 016
006 018
007 001
007 003
007 005
007 006
007 007
007 010
007 011
007 013
007 015
007 016
009 018
010 001
010 003
010 005
010 006
010 007
010 010
010 011
010 013
010 015
010 016
010 018
011 001
011 003
011 005
011 006
011 007
011 010
011 011
011 013
011 015
011 016
013 018
014 001
014 002
014 003
014 005
014 006
014 007
014 008
014 009
014 010
014 011
014 013
014 014
014 015
014 018
015 001
015 002
015 003
015 005
015 006
015 007
015 008
015 009
015 010
015 011
015 013
015 014
015 015
017 001
017 003
017 013
017 015
017 016
018 001
018 003
018 005
018 007
018 008
018 010
018 013
018 015
018 016
019 001
019 003
019 013
019 015
019 016
021 005
021 006
021 007
021 008
021 009
021 010
