001 003
001 007
001 011
001 015
001 016
001 017
003 001
003 003
003 004
003 006
003 007
003 009
003 011
003 012
003 014
003 015
003 017
003 018
003 020
003 022
003 024
003 026
003 028
003 030
003 031
003 032
003 034
003 036
003 037
003 039
003 040
003 041
003 043
003 044
003 045
003 047
003 050
003 052
003 053
003 054
003 056
003 057
003 058
003 060
003 061
003 062
003 064
003 065
003 066
003 068
003 069
005 001
005 003
005 004
005 006
005 007
005 009
005 011
005 012
005 014
005 015
005 017
005 018
005 020
005 022
005 024
005 026
005 028
005 037
005 038
005 039
005 041
005 042
005 043
005 045
005 050
005 052
005 053
005 054
005 060
005 061
005 062
005 063
005 064
005 066
005 067
005 068
006 001
006 003
006 004
006 006
006 007
006 009
006 011
006 012
006 014
006 015
006 017
006 018
006 020
006 022
006 024
006 026
006 028
006 030
006 032
006 034
006 037
006 038
006 039
006 041
006 042
006 043
006 045
006 050
006 052
006 053
006 054
006 060
006 061
006 062
006 063
006 064
006 066
006 067
006 068
008 003
008 004
008 006
008 007
008 009
008 011
008 012
008 014
008 015
008 017
008 018
008 020
008 022
008 024
008 026
008 028
008 030
008 032
008 034
008 036
008 037
008 039
008 040
008 041
008 043
008 044
008 045
008 047
008 048
008 050
008 051
008 052
008 054
008 055
008 056
008 058
008 059
008 060
008 062
008 063
008 064
008 066
008 067
008 068
