001 007
002 007
002 027
003 002
003 003
003 005
003 007
003 010
003 012
003 013
003 027
004 002
004 003
004 005
004 007
004 010
004 012
004 013
004 021
004 022
004 023
004 025
004 027
005 002
005 003
005 012
005 013
005 021
005 022
005 023
005 025
005 027
006 002
006 003
006 007
006 012
006 013
006 021
006 022
006 023
006 025
006 027
007 002
007 003
007 007
007 021
007 022
007 023
008 002
008 003
008 007
009 002
009 003
009 007
009 027
010 007
010 027
011 001
011 002
011 005
011 007
011 010
011 027
012 001
012 002
012 005
012 007
012 010
012 013
012 014
012 020
012 021
012 025
012 027
013 013
013 014
013 020
013 021
013 025
014 007
014 013
014 014
014 020
014 021
014 025
015 007
016 007
016 027
017 001
017 002
017 005
017 007
017 010
017 013
017 014
017 020
017 021
017 025
017 027
018 001
018 002
018 005
018 010
018 013
018 014
018 020
018 021
018 025
020 007
020 027
022 001
022 002
022 005
022 010
022 013
022 014
022 020
022 021
022 025
023 001
023 002
023 007
023 008
023 013
023 014
023 027
023 028
024 007
024 008
024 027
024 028
025 007
025 008
025 025
025 027
025 028
026 007
026 008
026 010
026 013
026 016
026 018
026 021
026 022
026 025
026 027
026 028
027 007
027 008
027 010
027 013
027 016
027 018
027 021
027 022
027 027
027 028
