001 001
001 002
001 003
001 004
001 006
001 007
001 010
001 013
001 014
001 015
001 017
001 019
001 021
001 022
001 023
001 024
003 001
003 002
003 003
003 004
003 006
003 007
003 010
003 013
003 014
003 015
003 017
003 019
003 021
003 022
003 023
003 024
005 001
005 002
005 004
005 006
005 007
005 010
005 013
005 014
005 015
005 017
005 019
005 022
005 024
005 025
007 002
007 004
007 006
007 007
007 010
007 013
007 014
007 015
007 017
007 019
007 022
007 024
008 006
008 007
008 010
008 013
008 014
008 015
008 017
008 019
009 002
009 004
009 006
009 007
009 010
009 013
009 014
009 015
009 017
009 019
009 022
009 024
011 002
011 004
011 006
011 007
011 010
011 013
011 014
011 015
011 017
011 019
011 022
011 024
012 006
012 007
012 010
012 013
012 014
012 015
012 017
012 019
013 002
013 004
013 006
013 007
013 010
013 013
013 014
013 015
013 017
013 019
013 022
013 024
015 002
015 003
015 004
015 007
015 009
015 010
015 011
015 014
015 017
015 019
016 009
016 010
016 011
