001 030
001 031
001 033
001 034
001 036
001 037
001 039
001 041
001 042
002 001
002 006
002 007
002 020
002 021
002 023
002 024
002 030
002 031
002 033
002 034
002 036
002 037
002 039
002 041
002 042
004 001
004 006
004 007
004 013
004 014
004 020
004 021
004 023
004 024
004 027
004 030
004 031
004 033
004 034
004 039
004 041
004 042
005 013
005 014
005 020
005 021
005 023
005 024
007 034
007 035
007 036
007 039
008 005
008 006
008 007
008 029
008 030
008 034
008 035
008 036
008 039
008 042
008 043
009 005
009 006
009 007
009 026
009 027
009 029
009 030
009 034
009 035
009 036
009 039
009 042
009 043
010 005
010 006
010 007
010 010
010 011
010 012
010 013
010 014
010 026
010 027
010 029
010 030
010 034
010 035
010 036
010 039
010 042
010 043
011 005
011 006
011 007
011 010
011 011
011 012
011 013
011 014
011 026
011 027
011 029
011 030
011 039
011 042
011 043
014 034
014 035
014 036
014 039
015 005
015 006
015 007
015 016
015 018
015 021
015 022
015 023
015 026
015 027
015 029
015 030
015 034
015 035
015 036
015 039
015 042
015 043
016 005
016 006
016 007
016 010
016 011
016 016
016 018
016 021
016 022
016 023
016 026
016 027
016 029
016 030
016 034
016 035
016 036
016 039
016 042
016 043
017 010
017 011
019 004
019 005
019 006
019 009
019 010
019 014
019 015
019 016
019 018
019 021
019 022
019 023
019 026
019 027
019 029
019 030
019 034
019 035
019 036
019 039
019 042
019 043
021 003
021 004
021 005
021 006
021 007
021 009
021 010
021 011
021 012
021 013
021 014
021 020
021 021
021 022
021 023
021 024
022 003
022 004
022 005
022 006
022 007
022 009
022 010
022 011
022 012
022 013
022 014
