001 001
001 002
001 004
001 005
001 006
001 009
001 011
001 015
001 017
001 021
001 023
001 027
001 029
001 032
001 034
001 037
003 001
003 002
003 004
003 005
003 006
003 009
003 011
003 015
003 017
003 021
003 023
003 027
003 029
003 032
003 034
003 037
003 039
005 001
005 002
005 004
005 005
005 006
005 009
005 011
005 015
005 017
005 021
005 023
005 027
005 029
005 032
005 034
005 037
005 039
007 008
007 009
007 010
007 011
007 012
007 014
007 015
007 016
007 017
007 018
007 020
007 021
007 022
007 023
007 024
007 026
007 027
007 028
007 029
007 031
007 032
007 033
007 034
007 036
007 037
007 038
007 039
008 001
008 002
008 003
008 004
008 005
008 008
008 009
008 010
008 011
008 012
008 014
008 015
008 016
008 017
008 018
008 020
008 021
008 022
008 023
008 024
008 026
008 027
008 028
008 029
008 031
008 032
008 033
008 034
008 036
008 037
008 038
008 039
009 001
009 002
009 003
009 004
009 005
009 008
009 009
009 010
009 011
009 012
009 014
009 015
009 016
009 017
009 018
009 020
009 021
009 022
009 023
009 024
009 026
009 027
009 028
009 029
009 031
009 032
009 033
009 034
010 001
010 002
010 003
010 004
010 005
012 002
012 003
012 004
