001 016
001 017
001 018
001 019
002 012
002 013
002 016
002 017
002 018
002 019
002 022
003 002
003 004
003 005
003 012
003 013
003 016
003 017
003 018
003 019
003 022
003 025
003 028
004 002
004 004
004 005
004 025
004 028
006 017
006 018
007 010
007 011
007 012
007 013
007 014
007 017
007 018
007 021
007 022
007 023
008 002
008 003
008 004
008 005
008 010
008 011
008 012
008 013
008 014
008 017
008 018
008 021
008 022
008 023
008 025
008 026
008 027
008 028
009 002
009 003
009 004
009 005
009 025
009 026
009 027
009 028
011 010
011 011
011 012
011 013
011 014
011 017
011 018
011 021
011 022
011 023
012 002
012 003
012 004
012 005
012 010
012 011
012 012
012 013
012 014
012 017
012 018
012 021
012 022
012 023
012 025
012 026
012 027
012 028
013 002
013 003
013 004
013 005
015 017
015 018
016 002
016 003
016 004
016 005
016 012
016 013
016 014
016 017
016 018
016 022
016 023
016 025
016 026
016 027
016 028
017 002
017 003
017 004
017 005
017 012
017 013
017 014
017 025
017 026
017 027
017 028
019 001
019 002
019 003
019 004
019 009
019 010
019 018
019 022
019 023
019 025
019 026
019 028
020 001
020 002
020 003
020 004
020 007
020 009
020 010
020 012
020 018
020 022
020 023
020 025
020 026
020 028
021 001
021 002
021 003
021 004
021 007
021 012
021 018
021 022
021 023
021 025
021 026
021 028
023 007
023 008
023 009
023 010
023 011
023 012
024 001
024 002
024 003
024 004
024 007
024 008
024 009
024 010
024 011
024 012
025 007
025 008
025 009
025 010
025 011
025 012
