001 002
001 006
001 008
001 010
001 012
001 013
001 014
001 015
001 017
001 018
001 019
001 020
002 002
002 006
002 008
002 010
002 012
002 013
002 014
002 015
004 020
004 021
005 012
005 013
005 020
005 021
006 002
006 006
006 008
006 010
006 012
006 013
006 020
006 021
007 002
007 006
007 008
007 010
007 012
007 013
009 020
009 021
010 012
010 013
010 020
010 021
011 002
011 006
011 008
011 010
011 012
011 013
011 020
011 021
012 006
012 008
012 010
012 012
012 013
014 002
014 006
014 008
014 010
014 015
014 016
014 017
015 006
015 008
015 010
017 001
017 002
017 003
017 008
017 010
017 013
017 014
017 015
017 016
017 017
017 018
018 001
018 002
018 003
018 005
018 006
018 008
018 010
018 013
018 014
018 015
018 016
018 017
018 018
019 005
019 006
020 001
020 002
020 005
020 006
021 001
021 002
021 005
021 006
021 008
