001 001
001 003
001 004
001 005
001 007
001 008
001 010
001 011
001 012
002 001
002 010
002 011
002 012
004 005
004 006
004 007
004 008
005 001
005 005
005 006
005 007
005 008
005 010
005 011
005 012
006 001
006 010
006 011
006 012
008 005
008 006
008 007
008 008
009 001
009 005
009 006
009 007
009 008
009 010
009 011
009 012
010 001
010 010
010 011
010 012
011 001
013 005
013 006
013 007
013 008
014 001
014 005
014 006
014 007
014 008
014 010
014 011
014 012
015 001
015 010
015 011
015 012
016 001
018 003
018 004
018 005
018 006
018 007
018 008
018 010
018 011
018 012
020 004
020 005
020 006
020 007
020 011
