001 001
001 002
001 004
001 005
001 007
001 009
001 010
001 011
001 013
001 014
001 015
001 017
001 018
001 020
001 021
001 023
001 024
001 025
001 027
001 028
001 030
001 032
001 034
001 036
001 037
001 039
001 040
001 041
001 043
001 044
001 046
001 047
001 049
001 050
001 051
001 053
001 054
001 056
001 058
001 059
001 061
001 062
003 002
003 003
003 004
003 010
003 011
003 012
003 013
003 015
003 016
003 017
003 021
003 023
003 025
003 026
003 027
003 030
003 032
003 034
003 037
003 038
003 039
003 041
003 042
003 043
003 047
003 048
003 049
003 051
003 052
003 053
003 059
003 060
003 061
005 002
005 003
005 004
005 010
005 011
005 012
005 013
005 015
005 021
005 023
005 025
005 026
005 027
005 032
005 037
005 038
005 039
005 041
005 042
005 043
005 047
005 048
005 049
005 051
005 052
005 053
005 059
005 060
005 061
006 002
006 003
006 004
006 010
006 011
006 012
006 013
006 015
006 021
006 023
006 025
006 026
006 027
006 030
006 032
006 034
006 037
006 038
006 039
006 041
006 042
006 043
006 047
006 048
006 049
006 051
006 052
006 053
006 059
006 060
006 061
008 002
008 003
008 004
008 011
008 012
008 013
008 014
008 015
008 023
008 024
008 025
008 032
008 039
008 040
008 041
008 049
008 050
008 051
008 052
008 053
008 059
008 060
008 061
010 059
010 060
010 061
