001 005
001 008
001 009
001 011
001 012
003 001
003 003
003 005
003 008
003 009
003 011
003 012
003 016
004 001
004 003
004 005
004 016
005 001
005 003
005 016
007 009
007 010
007 011
008 005
008 009
008 010
008 011
008 014
009 001
009 003
009 005
009 009
009 010
009 011
009 014
009 016
010 001
010 003
010 005
010 014
010 016
011 001
011 003
011 016
013 005
013 009
013 010
013 011
013 014
014 001
014 003
014 005
014 009
014 010
014 011
014 014
014 016
015 001
015 003
015 016
017 007
017 008
017 009
017 010
017 011
