001 018
003 002
003 003
003 004
003 005
003 008
003 009
003 012
003 013
003 014
003 018
004 002
004 003
004 004
004 005
004 008
004 009
004 018
005 002
005 003
005 004
005 005
005 018
006 002
006 003
006 004
006 005
008 011
008 012
009 007
009 008
009 011
009 012
009 016
010 002
010 003
010 004
010 005
010 007
010 008
010 011
010 012
010 016
010 018
011 002
011 003
011 004
011 005
011 007
011 008
011 016
011 018
012 002
012 003
012 004
012 005
012 007
012 008
012 018
013 002
013 003
013 004
013 005
015 011
015 012
016 007
016 008
016 011
016 012
016 016
017 002
017 003
017 004
017 005
017 007
017 008
017 011
017 012
017 016
017 018
018 002
018 003
018 004
018 005
018 007
018 008
018 016
018 018
019 002
019 003
019 004
019 005
019 007
019 008
019 018
020 007
020 008
022 002
022 003
022 005
022 008
022 009
022 012
022 013
022 018
024 001
024 002
024 018
025 001
025 002
