001 005
001 008
001 012
002 005
002 008
002 012
002 015
002 016
004 004
004 005
004 007
004 008
004 011
004 012
006 015
007 004
007 005
007 007
007 008
007 011
007 012
007 015
008 004
008 005
008 007
008 008
008 011
008 012
009 004
009 005
009 007
009 008
009 011
009 012
009 015
010 015
012 004
012 005
012 007
012 008
012 011
012 012
012 015
013 004
013 005
013 007
013 008
013 011
013 012
015 015
016 004
016 005
016 007
016 008
016 011
016 012
016 015
017 004
017 005
017 007
017 008
017 011
017 012
019 004
019 005
019 007
019 008
019 011
019 012
021 001
021 007
021 008
021 011
021 012
023 001
023 002
023 007
023 008
023 009
023 011
023 012
023 013
