001 001
001 003
001 005
001 007
001 019
001 021
001 023
001 025
002 001
002 003
002 005
002 007
002 010
002 011
002 015
002 016
002 019
002 021
002 023
002 025
004 001
004 003
004 005
004 007
004 010
004 011
004 015
004 016
004 019
004 021
004 023
004 025
005 001
005 003
005 007
005 010
005 011
005 015
005 016
005 019
005 021
005 025
006 001
006 003
006 007
006 010
006 011
006 015
006 016
006 019
006 025
008 001
008 003
008 005
008 007
008 010
008 011
008 015
008 016
008 019
008 021
008 023
008 025
009 001
009 010
009 011
009 015
009 016
009 019
009 025
011 001
011 003
011 005
011 007
011 010
011 011
011 015
011 016
011 019
011 021
011 023
011 025
012 001
012 010
012 011
012 015
012 016
012 019
012 025
014 001
014 003
014 005
014 007
014 009
014 010
014 016
014 017
014 019
014 021
014 023
014 025
015 001
015 003
015 005
015 007
015 009
015 010
015 013
015 016
015 017
015 019
015 021
015 023
015 025
016 013
