001 033
001 036
001 039
003 001
003 003
003 005
003 007
003 009
003 010
003 012
003 015
003 017
003 018
003 020
003 022
003 023
003 025
003 027
003 029
003 030
003 032
003 033
003 034
003 036
003 039
004 001
004 003
004 005
004 007
004 032
004 033
004 034
004 036
004 039
005 001
005 003
005 007
005 032
005 033
005 034
007 001
007 003
007 007
007 010
007 011
007 012
007 013
007 017
007 018
007 020
007 022
007 023
007 027
007 028
007 029
008 010
008 011
008 012
008 013
008 017
008 018
008 020
008 022
008 023
008 027
008 028
008 029
009 010
009 011
009 012
009 013
009 017
009 018
009 020
009 022
009 023
009 027
009 028
009 029
009 032
009 033
009 034
009 036
009 039
010 001
010 003
010 005
010 007
010 010
010 011
010 012
010 013
010 017
010 018
010 020
010 022
010 023
010 027
010 028
010 029
010 032
010 033
010 034
010 036
010 039
010 041
011 001
011 003
011 005
011 007
011 032
011 033
011 034
011 036
011 039
011 041
012 001
012 003
012 005
012 007
012 032
012 033
012 034
012 041
013 001
013 003
013 007
014 001
014 003
014 007
014 018
014 019
014 020
014 021
014 022
015 018
015 019
015 020
015 021
015 022
016 010
016 011
016 012
016 013
016 018
016 019
016 020
016 021
016 022
016 027
016 028
016 029
016 032
016 033
016 034
016 036
016 039
016 041
017 001
017 003
017 005
017 007
017 010
017 011
017 012
017 013
017 018
017 019
017 020
017 021
017 022
017 027
017 028
017 029
017 032
017 033
017 034
017 036
017 039
017 041
018 001
018 003
018 005
018 007
018 010
018 011
018 012
018 013
018 018
018 019
018 020
018 021
018 022
018 027
018 028
018 029
018 032
018 033
018 034
019 001
019 003
019 007
021 010
021 011
021 012
021 013
021 017
021 018
021 019
021 020
021 021
021 022
021 023
021 027
021 028
021 029
022 005
022 010
022 011
022 012
022 013
022 017
022 018
022 019
022 020
022 021
022 022
022 023
022 027
022 028
022 029
022 036
022 037
023 005
023 017
023 018
023 019
023 020
023 021
023 022
023 023
023 036
023 037
024 005
024 017
024 018
024 019
024 020
024 021
024 022
024 023
025 005
