001 001
001 003
001 005
001 006
001 008
001 012
001 013
001 014
001 019
001 022
001 024
001 026
002 001
002 003
002 005
002 006
002 008
002 012
002 013
002 014
002 019
002 022
002 024
002 026
002 028
003 001
003 003
003 005
003 006
003 008
003 012
003 013
003 014
003 019
003 022
003 024
003 026
003 028
003 031
003 034
004 001
004 003
004 005
004 006
004 008
004 012
004 013
004 014
004 019
004 022
004 024
004 026
004 028
004 031
004 034
004 036
005 031
005 034
005 036
006 036
008 012
008 014
008 015
008 017
009 001
009 003
009 005
009 006
009 008
009 012
009 014
009 015
009 017
009 019
009 022
009 024
009 026
010 001
010 003
010 005
010 006
010 008
010 012
010 014
010 015
010 017
010 019
010 022
010 024
010 026
010 028
010 031
011 001
011 003
011 005
011 006
011 008
011 012
011 014
011 015
011 017
011 019
011 022
011 024
011 026
011 028
011 031
011 034
012 034
014 006
014 007
014 008
014 010
014 012
014 013
014 014
014 015
014 016
014 017
014 019
014 021
014 022
015 006
015 007
015 008
015 012
015 013
015 014
015 015
015 016
015 017
015 021
015 022
016 001
016 003
016 006
016 007
016 008
016 012
016 013
016 014
016 015
016 016
016 017
016 021
016 022
016 024
016 026
016 028
016 031
018 028
018 029
018 031
018 032
