001 001
001 003
001 007
001 011
001 014
003 001
003 003
003 007
003 011
003 014
005 001
005 003
005 007
005 011
005 014
007 001
007 003
007 004
007 006
007 007
007 008
007 010
007 011
007 014
009 001
009 003
009 004
009 006
009 007
009 008
009 010
009 011
009 014
011 001
011 003
011 004
011 006
011 007
011 008
011 010
011 011
011 014
013 001
013 003
013 004
013 006
013 007
013 008
013 010
013 011
013 012
013 014
014 001
014 014
015 001
015 003
015 004
015 006
015 007
015 008
015 010
015 011
015 012
015 014
