001 011
001 014
001 018
001 020
001 021
001 023
001 024
001 026
001 029
001 031
002 001
002 002
002 005
002 006
002 009
002 011
002 014
002 018
002 020
002 021
002 023
002 024
002 026
002 029
002 031
002 034
002 036
002 037
002 038
002 040
002 041
004 002
004 003
004 006
004 011
004 014
004 018
004 020
004 021
004 023
004 024
004 026
004 029
004 031
004 036
004 038
004 039
004 040
006 002
006 003
006 005
006 006
006 011
006 014
006 018
006 020
006 021
006 023
006 024
006 026
006 029
006 031
006 036
006 037
006 038
006 039
006 040
010 002
010 003
010 005
010 006
010 007
010 013
010 014
010 016
010 018
010 021
010 022
010 023
010 026
010 027
010 029
010 031
010 032
012 002
012 003
012 005
012 006
012 011
012 014
012 018
012 021
012 022
012 023
012 026
012 029
012 031
012 032
013 002
013 003
013 005
013 006
013 011
013 014
013 018
013 021
013 022
013 023
013 026
013 029
014 021
014 022
014 023
