001 007
001 008
001 009
001 010
001 012
001 013
001 014
003 001
003 002
003 003
003 005
003 007
003 008
003 010
003 011
003 012
003 014
003 015
003 017
003 020
003 021
003 022
003 023
003 024
003 025
004 001
004 002
004 003
004 005
004 007
004 008
004 010
004 011
004 012
004 017
004 020
004 021
004 022
004 023
004 024
004 025
005 001
005 002
005 003
005 005
005 007
005 008
005 017
005 020
005 021
005 022
005 023
005 024
005 025
006 005
006 007
006 008
006 017
007 005
007 017
009 012
009 013
009 014
009 015
010 001
010 003
010 007
010 008
010 012
010 013
010 014
010 015
010 021
010 022
010 023
010 025
010 026
011 001
011 003
011 005
011 007
011 008
011 012
011 013
011 014
011 015
011 017
011 021
011 022
011 023
011 025
011 026
012 001
012 003
012 005
012 007
012 008
012 017
012 021
012 022
012 023
012 025
012 026
013 005
013 007
013 008
013 017
015 012
015 013
015 014
015 015
016 001
016 003
016 007
016 008
016 012
016 013
016 014
016 015
016 021
016 022
016 023
016 025
016 026
017 001
017 003
017 005
017 007
017 008
017 012
017 013
017 014
017 015
017 017
017 021
017 022
017 023
017 025
017 026
018 001
018 003
018 005
018 007
018 008
018 017
018 021
018 022
018 023
018 025
018 026
019 005
019 007
019 008
019 017
021 001
021 003
021 005
021 008
021 009
021 010
021 011
021 012
021 013
021 017
021 019
021 020
021 021
021 023
021 024
021 025
023 001
023 003
023 005
023 017
023 019
023 020
023 021
023 023
023 024
023 025
024 001
024 003
024 005
024 008
024 009
024 010
024 011
024 012
024 013
024 017
024 019
024 020
024 021
024 023
024 024
024 025
025 008
025 009
025 010
025 011
025 012
025 013
026 005
026 008
026 009
026 010
026 011
026 012
026 013
027 001
027 003
027 005
027 008
027 009
027 010
027 011
027 012
027 013
027 017
027 019
027 020
027 021
027 023
027 024
027 025
028 005
028 008
028 009
028 010
028 011
028 012
028 013
028 017
028 019
028 020
028 021
028 023
028 024
028 025
