001 001
001 003
001 004
001 008
001 009
001 010
001 013
001 014
001 015
001 021
001 022
001 023
001 025
001 026
003 001
003 003
003 004
003 008
003 009
003 010
003 013
003 014
003 015
003 021
003 022
003 023
003 025
003 026
005 012
005 013
005 014
006 008
006 012
006 013
006 014
006 017
006 018
007 001
007 003
007 004
007 008
007 012
007 013
007 014
007 017
007 018
007 021
007 022
007 023
007 025
007 026
008 001
008 003
008 004
008 021
008 022
008 023
008 025
008 026
010 012
010 013
010 014
011 001
011 004
011 005
011 008
011 012
011 013
011 014
011 017
011 018
011 020
011 021
011 022
011 026
011 027
014 001
014 003
014 004
014 007
014 008
014 009
014 014
014 015
014 016
014 017
015 001
015 003
015 004
015 007
015 008
015 009
015 014
015 015
015 016
015 017
015 025
015 026
016 001
016 003
016 004
016 007
016 008
016 009
016 014
016 015
016 016
016 017
017 001
017 003
017 004
017 007
017 008
017 009
017 014
017 015
017 016
017 017
017 022
017 023
017 024
017 025
017 026
017 027
018 022
018 023
018 024
018 025
018 026
018 027
019 001
019 002
019 003
019 004
019 022
019 023
019 024
019 025
019 026
019 027
