001 014
001 015
001 017
001 018
001 019
003 001
003 003
003 005
003 006
003 009
003 010
004 001
004 003
004 005
004 006
004 009
004 010
004 012
004 015
004 016
004 017
004 021
005 012
005 015
005 016
005 017
005 021
007 001
007 003
007 005
007 006
007 009
007 010
008 001
008 003
008 005
008 006
008 009
008 010
008 012
008 015
008 016
008 017
008 021
009 012
009 015
009 016
009 017
009 021
011 001
011 003
011 006
011 010
012 001
012 003
012 006
012 010
012 012
012 015
012 016
012 017
012 021
013 012
013 015
013 016
013 017
013 021
015 005
015 006
015 007
015 019
015 020
015 021
016 005
016 006
016 007
016 012
016 019
016 020
016 021
