001 002
001 003
003 017
003 018
003 020
003 021
004 001
004 002
004 005
004 007
004 009
004 011
004 013
004 015
004 017
004 018
004 020
004 021
005 001
005 002
005 005
005 007
005 009
005 011
005 013
005 015
007 017
007 018
007 020
007 021
008 001
008 002
008 005
008 007
008 009
008 011
008 013
008 015
008 017
008 018
008 020
008 021
009 001
009 002
009 005
009 007
009 009
009 011
009 013
009 015
011 017
011 018
011 020
011 021
012 001
012 002
012 005
012 007
012 009
012 011
012 013
012 015
012 017
012 018
012 020
012 021
013 001
013 002
013 005
013 007
013 009
013 011
013 013
013 015
015 018
015 019
015 020
