001 005
001 006
001 007
001 009
001 010
001 011
001 014
001 015
002 001
002 002
002 005
002 006
002 007
002 009
002 010
002 011
002 014
002 015
003 001
003 002
005 017
006 005
006 006
006 007
006 009
006 010
006 011
006 014
006 015
006 017
007 002
007 003
007 005
007 006
007 007
007 009
007 010
007 011
007 014
007 015
007 017
008 002
008 003
008 005
008 006
008 007
008 009
008 010
008 011
008 014
008 015
009 002
009 003
011 005
011 006
011 007
011 009
011 010
011 011
011 014
011 015
011 017
011 018
012 002
012 003
012 005
012 006
012 007
012 009
012 010
012 011
012 014
012 015
012 017
012 018
013 002
013 003
013 005
013 006
013 007
013 014
013 015
013 017
013 018
014 002
014 003
014 017
014 018
016 006
016 010
016 015
018 006
018 015
019 006
019 009
019 010
019 011
019 012
019 015
020 009
020 010
020 011
020 012
021 006
021 009
021 010
021 011
021 012
021 015
022 009
022 010
022 011
022 012
