001 012
001 013
001 014
003 012
003 013
003 014
005 011
005 012
005 014
005 015
006 009
006 011
006 012
006 014
006 015
006 017
008 009
008 011
008 012
008 014
008 015
008 017
010 009
010 011
010 012
010 014
010 015
010 017
011 011
011 012
011 014
011 015
013 009
013 011
013 012
013 014
013 015
013 017
015 009
015 011
015 012
015 014
015 015
015 017
016 001
016 002
016 003
016 004
016 005
016 006
016 007
016 009
016 011
016 012
016 014
016 015
016 017
017 011
017 012
017 014
017 015
019 002
019 004
019 006
021 019
