001 006
001 008
001 010
001 012
001 014
001 016
001 018
001 020
001 022
001 024
003 006
003 008
003 010
003 012
003 014
003 016
003 018
003 020
003 022
003 024
005 003
005 012
005 013
005 014
005 015
005 016
005 017
005 018
005 027
007 002
007 003
007 004
007 010
007 011
007 012
007 013
007 014
007 015
007 016
007 017
007 018
007 019
007 020
007 026
007 027
007 028
009 001
009 002
009 003
009 004
009 010
009 011
009 012
009 013
009 014
009 015
009 016
009 017
009 018
009 019
009 020
009 026
009 027
009 028
