001 005
001 006
001 007
001 011
001 012
001 014
001 016
001 018
001 020
001 022
003 001
003 004
003 005
003 007
003 010
003 011
003 014
003 016
003 018
003 020
003 022
005 001
005 010
005 011
005 014
005 016
005 018
005 020
005 022
006 001
006 004
006 005
006 006
006 007
006 010
006 011
006 014
006 016
006 018
006 020
006 022
008 001
008 010
008 011
008 014
008 016
008 017
008 018
008 020
008 022
009 001
009 004
009 005
009 006
009 007
009 010
009 011
009 014
009 016
009 017
009 018
009 020
009 022
011 001
011 010
011 011
011 016
011 017
011 018
012 001
012 003
012 004
012 005
012 006
012 007
012 008
012 010
012 011
012 016
012 017
012 018
013 003
013 004
013 005
013 006
013 007
013 008
013 016
013 017
013 018
014 003
014 004
014 005
014 006
014 007
014 008
