001 016
002 001
002 003
002 005
002 007
002 010
002 012
002 014
002 016
003 001
003 003
003 005
003 007
003 010
003 012
003 014
005 016
006 001
006 003
006 005
006 007
006 010
006 012
006 014
006 016
007 001
007 003
007 005
007 007
007 010
007 012
007 014
009 001
009 003
009 005
009 007
009 010
009 012
009 014
009 016
010 001
010 003
010 005
010 007
010 010
010 012
010 014
012 001
012 003
012 005
012 007
012 010
012 012
012 014
014 003
014 005
014 007
014 008
014 010
014 012
014 014
015 007
015 008
