001 003
002 003
002 007
002 010
002 013
002 016
002 017
002 022
004 001
004 005
005 001
005 005
005 007
005 017
005 018
005 020
005 024
007 001
007 005
007 007
007 009
007 010
007 011
007 013
007 014
007 017
007 018
007 020
007 024
008 001
008 005
008 007
008 017
008 018
008 020
008 024
009 001
009 005
009 020
009 024
011 009
011 010
011 011
011 013
011 014
012 001
012 005
012 007
012 009
012 010
012 011
012 013
012 014
012 017
012 018
012 020
012 024
013 001
013 005
013 007
013 017
013 018
013 020
013 024
014 001
014 005
014 020
014 024
015 001
015 005
015 009
015 010
015 011
015 013
015 014
015 020
015 024
016 009
016 010
016 011
016 013
016 014
