001 009
001 012
001 014
001 016
001 017
001 019
002 007
002 009
002 012
002 014
002 016
002 017
002 019
002 021
003 007
003 009
003 012
003 014
003 016
003 017
003 019
003 021
004 007
004 019
004 021
006 009
006 016
006 017
007 009
007 012
007 016
007 017
007 019
008 001
008 002
008 003
008 005
008 007
008 009
008 012
008 014
008 016
008 017
008 019
008 021
009 001
009 002
009 003
009 005
009 007
009 012
009 014
009 019
009 021
011 001
011 002
011 003
011 005
011 009
011 012
011 016
011 017
011 019
012 001
012 002
012 003
012 005
012 007
012 009
012 012
012 014
012 016
012 017
012 019
012 021
013 007
013 009
013 012
013 014
013 016
013 017
013 019
013 021
014 012
014 014
015 005
015 012
015 014
016 005
018 011
018 012
018 017
018 018
018 019
