001 003
001 004
001 005
001 006
001 007
001 008
001 009
001 010
001 036
001 037
001 038
001 039
001 040
001 041
001 042
003 002
003 003
003 005
003 006
003 007
003 008
003 010
003 011
003 014
003 016
003 017
003 018
003 020
003 022
003 026
003 028
003 029
003 030
003 032
003 035
003 036
003 038
003 039
003 040
003 042
003 043
003 047
003 048
004 005
004 006
004 007
004 008
004 038
004 039
004 040
006 001
006 002
006 003
006 005
006 006
006 007
006 010
006 011
006 038
006 040
006 041
006 042
006 043
006 045
007 001
007 002
007 003
007 005
007 006
007 007
007 010
007 011
007 013
007 014
007 015
007 016
007 018
007 019
007 020
007 022
007 025
007 026
007 027
007 028
007 030
007 031
007 032
007 038
007 040
007 041
007 042
007 043
007 045
007 047
007 048
008 013
008 014
008 015
008 016
008 018
008 019
008 020
008 022
008 025
008 026
008 027
008 028
008 030
008 031
008 032
008 047
008 048
010 001
010 002
010 003
010 004
010 005
010 007
010 008
010 009
010 010
010 011
010 038
010 039
010 040
010 042
010 043
010 044
010 045
011 001
011 002
011 003
011 004
011 005
011 007
011 008
011 009
011 010
011 011
011 013
011 014
011 015
011 016
011 018
011 019
011 020
011 022
011 025
011 026
011 027
011 028
011 030
011 031
011 032
011 038
011 039
011 040
011 042
011 043
011 044
011 045
011 047
011 048
012 013
012 014
012 015
012 016
012 018
012 019
012 020
012 022
012 025
012 026
012 027
012 028
012 030
012 031
012 032
012 047
012 048
014 002
014 003
014 005
014 006
014 007
014 008
014 010
014 011
014 013
014 014
014 016
014 017
014 018
014 020
014 022
014 025
014 026
014 028
014 029
014 030
014 032
014 035
014 036
014 038
014 039
014 040
014 042
014 043
014 047
014 048
015 005
015 006
015 007
015 008
017 014
017 015
017 016
017 017
017 018
017 019
017 020
017 022
017 023
017 035
017 036
017 038
017 039
017 040
017 042
017 043
017 047
