001 001
001 002
001 004
001 010
001 012
001 013
001 016
001 017
001 018
001 020
001 021
001 022
001 024
001 025
001 026
001 032
001 033
001 034
002 001
002 002
002 004
002 010
002 012
002 013
002 024
002 025
002 026
002 032
002 033
002 034
004 001
004 002
004 006
004 007
004 008
004 012
004 013
004 016
004 017
004 018
004 020
004 021
004 022
004 024
004 025
004 026
004 028
004 029
004 030
004 032
004 033
004 034
006 002
006 004
006 005
006 006
006 008
006 009
006 010
006 012
006 015
006 016
006 017
006 018
006 020
006 021
006 022
006 025
006 026
006 027
006 028
006 030
006 031
006 032
006 033
008 004
008 005
008 006
008 007
008 008
008 009
008 010
008 016
008 018
008 019
008 020
008 022
008 026
008 027
008 028
008 029
008 030
008 031
008 032
009 004
009 005
009 006
009 007
009 008
009 009
009 010
009 026
009 027
009 028
009 029
009 030
009 031
009 032
011 001
011 002
011 004
011 010
011 012
011 013
011 024
011 025
011 026
011 032
011 033
011 034
012 001
012 002
012 004
012 010
012 012
012 013
012 016
012 017
012 018
012 019
012 020
012 021
012 022
012 024
012 025
012 026
012 032
012 033
012 034
013 016
013 017
013 018
013 019
013 020
013 021
013 022
