001 025
001 027
003 014
003 015
003 017
003 019
003 021
003 022
005 014
005 015
005 017
005 019
005 021
005 022
006 005
006 007
006 009
006 014
006 015
006 017
006 019
006 021
006 022
006 025
007 001
007 002
007 005
007 007
007 009
007 014
007 015
007 017
007 019
007 021
007 022
007 025
008 001
008 002
008 005
008 007
008 009
008 025
009 001
009 002
011 017
012 014
012 015
012 017
014 002
014 003
014 005
014 007
014 009
014 014
014 015
014 017
014 019
014 021
014 025
015 005
015 007
015 009
015 014
015 015
015 017
015 019
015 021
015 025
016 002
016 003
016 005
016 007
016 009
016 014
016 015
016 017
016 019
016 021
016 025
017 002
017 003
017 005
017 007
017 009
017 025
018 005
018 007
018 009
018 025
020 005
020 006
020 007
020 009
020 010
020 013
020 014
020 015
020 019
020 020
020 021
020 024
020 025
021 005
021 006
021 007
023 005
023 007
023 009
023 019
023 020
023 021
023 025
024 005
024 007
024 009
024 013
024 014
024 019
024 020
024 021
024 025
025 005
025 007
025 009
025 019
025 020
025 021
025 025
026 005
026 007
026 009
026 012
026 013
026 014
026 015
026 019
026 020
026 021
026 025
027 012
027 013
027 014
027 015
