001 014
001 044
003 001
003 007
003 009
003 011
003 013
003 014
003 015
003 018
003 020
003 022
003 024
003 028
003 030
003 032
003 034
003 036
003 038
003 040
003 043
003 044
003 045
004 013
004 014
004 015
004 043
004 044
004 045
006 001
006 003
006 005
006 006
006 007
006 011
006 013
006 014
006 015
006 017
006 018
006 019
006 020
006 022
006 023
006 024
006 025
006 027
006 028
006 029
006 030
006 032
006 033
006 034
006 035
006 036
006 038
006 039
006 040
006 041
006 043
006 044
006 045
008 001
008 003
008 005
008 006
008 007
008 008
008 009
008 011
008 013
008 014
008 015
008 017
008 018
008 019
008 020
008 022
008 023
008 024
008 025
008 027
008 028
008 029
008 030
008 032
008 033
008 034
008 035
008 036
008 038
008 039
008 040
008 041
008 043
008 044
008 045
010 001
010 003
010 004
010 005
010 006
010 007
010 008
010 009
010 010
010 011
010 013
010 014
010 015
010 017
010 018
010 019
010 020
010 022
010 023
010 024
010 025
010 027
010 028
010 029
010 030
010 032
010 033
010 034
010 035
010 036
010 038
010 039
010 040
010 041
010 043
010 044
010 045
012 003
012 004
012 005
012 007
012 009
012 010
012 011
012 017
012 018
012 019
012 020
012 022
012 023
012 024
012 025
012 027
012 028
012 029
012 030
012 032
012 033
012 034
012 035
012 036
012 038
012 039
012 040
012 041
013 001
013 003
013 004
013 005
013 007
013 009
013 010
013 011
013 013
013 014
013 015
013 017
013 018
013 019
013 020
013 022
013 023
013 024
013 025
013 027
013 028
013 029
013 030
013 032
013 033
013 034
013 035
013 036
013 038
013 039
013 040
013 041
013 043
013 044
013 045
014 001
014 043
014 044
014 045
015 001
015 003
015 004
015 005
015 007
015 009
015 010
015 011
015 013
015 014
015 015
015 017
015 018
015 019
015 020
015 022
015 023
015 024
015 025
015 032
015 033
015 034
015 035
015 036
015 038
015 039
015 040
015 041
015 043
015 044
015 045
016 001
016 003
016 004
016 005
016 007
016 009
016 010
016 011
016 017
016 018
016 019
016 020
016 022
016 023
016 024
016 025
016 032
016 033
016 034
016 035
016 036
016 038
016 039
016 040
016 041
016 043
016 044
016 045
017 001
017 043
017 044
017 045
