001 002
001 003
001 005
001 006
001 008
001 009
003 002
003 003
003 005
003 006
003 008
003 009
005 002
005 003
005 005
005 006
005 008
005 009
007 002
007 003
007 005
007 006
007 008
007 009
009 002
009 003
009 005
009 006
009 008
009 009
011 002
011 003
011 005
011 006
011 008
011 009
013 002
013 003
013 005
013 006
013 008
013 009
015 002
015 003
015 005
015 006
015 008
015 009
017 002
017 003
017 005
017 006
017 008
017 009
019 002
019 003
019 005
019 006
019 008
019 009
021 003
021 006
021 009
