001 005
001 006
001 009
001 010
001 011
001 015
001 016
001 017
001 018
002 005
002 006
002 009
002 010
002 011
002 015
002 016
002 017
002 018
003 001
003 003
003 005
003 008
003 009
003 010
003 015
003 016
003 018
003 019
003 020
003 022
003 023
004 003
004 018
004 019
004 020
006 013
006 015
006 016
006 017
006 018
006 020
007 013
007 015
007 016
007 017
007 018
007 020
007 023
008 001
008 003
008 005
008 008
008 009
008 013
008 015
008 016
008 017
008 018
008 020
008 023
009 001
009 003
009 005
009 008
009 009
009 023
010 003
012 001
012 003
012 005
012 008
012 009
012 016
012 020
012 023
013 020
