001 001
003 001
003 002
003 004
003 005
004 001
004 002
005 001
005 002
005 004
005 005
006 001
006 002
006 004
006 005
006 007
007 004
007 005
007 007
008 001
008 002
008 004
008 005
008 007
009 001
009 002
009 004
009 005
009 007
009 009
009 011
009 013
009 015
009 017
009 019
009 021
010 001
010 002
010 007
010 009
010 011
010 013
010 015
010 017
010 019
010 021
011 001
011 002
011 004
011 005
011 011
011 013
011 015
011 017
011 019
011 021
012 001
012 002
012 004
012 005
012 007
012 011
012 013
012 015
012 017
012 019
012 021
013 004
013 005
013 007
014 001
014 002
014 004
014 005
014 007
014 009
015 001
015 002
015 007
015 009
016 001
016 002
017 001
017 002
017 004
017 005
018 001
018 002
018 004
018 005
018 007
019 001
019 002
019 004
019 005
019 007
019 009
020 004
020 005
020 007
020 009
021 001
021 002
021 004
021 005
021 007
021 009
021 011
021 013
021 015
021 017
021 019
021 021
021 023
022 001
022 002
022 007
022 009
022 011
022 013
022 015
022 017
022 019
022 021
022 023
023 001
023 002
023 011
023 013
023 015
023 017
023 019
023 021
023 023
024 001
024 002
024 004
024 005
024 011
024 013
024 015
024 017
024 019
024 021
024 023
025 001
025 002
025 004
025 005
025 007
025 009
025 011
025 013
025 015
025 017
025 019
025 021
025 023
027 001
027 002
027 003
028 001
028 002
028 003
028 005
028 006
028 007
030 015
030 017
030 019
