001 019
002 001
002 003
002 005
002 007
002 009
002 010
002 012
002 013
002 015
002 017
002 019
003 001
003 003
003 005
003 007
003 009
003 010
003 012
003 013
003 015
003 017
005 019
006 001
006 003
006 005
006 007
006 009
006 010
006 012
006 013
006 015
006 017
006 019
008 001
008 003
008 005
008 007
008 009
008 010
008 012
008 013
008 015
008 017
008 019
009 001
009 003
009 005
009 007
009 009
009 010
009 012
009 013
009 015
009 017
011 001
012 001
012 003
012 005
012 007
012 009
012 010
012 012
012 013
012 015
012 017
012 019
014 003
014 005
014 007
014 010
014 011
014 012
014 015
014 017
014 019
014 020
015 010
015 011
015 012
015 019
015 020
