001 035
001 036
001 037
001 041
002 011
002 012
002 014
002 015
002 023
002 035
002 036
002 037
002 041
003 002
003 003
003 004
003 011
003 012
003 014
003 015
003 023
003 035
003 036
003 037
003 041
004 002
004 003
004 004
004 011
004 012
004 014
004 015
004 023
004 030
004 035
004 036
004 037
004 041
005 002
005 003
005 004
005 030
005 035
005 036
005 037
006 002
006 003
006 004
006 035
006 036
006 037
007 002
007 003
007 004
008 002
008 003
008 004
008 008
008 009
009 008
009 009
010 008
010 009
010 041
011 041
013 015
013 016
013 020
013 026
013 030
013 031
013 036
014 015
014 016
014 020
014 026
014 030
014 031
014 036
014 041
015 041
016 002
016 003
016 004
016 007
016 008
016 041
017 002
017 003
017 004
017 007
017 008
018 002
018 003
018 004
018 007
018 008
018 015
018 016
018 020
018 026
018 030
018 031
018 036
019 002
019 003
019 004
019 007
019 008
019 015
019 016
019 020
019 026
019 030
019 031
019 036
019 041
020 015
020 016
020 020
020 026
020 030
020 031
020 036
020 041
021 020
021 026
021 030
021 031
021 041
024 001
024 002
024 004
024 005
024 007
024 008
025 001
025 002
025 004
025 005
025 007
025 008
025 015
025 016
025 020
025 026
025 030
025 031
025 036
025 041
026 015
026 016
026 020
026 026
026 030
026 031
026 036
026 041
027 015
027 016
027 020
027 026
027 041
029 001
029 002
029 004
029 005
029 007
029 008
029 015
029 016
029 020
029 026
029 030
029 031
029 036
029 041
030 004
030 005
030 007
030 008
030 015
030 016
030 020
030 026
030 030
030 031
030 036
030 041
031 015
031 016
031 020
031 026
031 030
031 031
031 036
033 002
033 003
033 004
033 007
033 008
034 002
034 003
034 004
034 007
034 008
034 025
034 026
034 027
034 029
034 030
034 031
034 032
034 034
034 035
034 036
034 037
034 038
034 040
034 041
034 042
035 002
035 003
035 004
035 007
035 008
035 012
035 013
035 014
035 015
035 016
035 017
035 019
035 020
035 021
035 025
035 026
035 027
035 029
035 030
035 031
035 032
035 034
035 035
035 036
035 037
035 038
035 040
035 041
035 042
036 007
036 008
036 012
036 013
036 014
036 015
036 016
036 017
036 019
036 020
036 021
036 025
036 026
036 027
036 029
036 030
036 031
036 032
036 034
036 035
036 036
036 037
036 038
036 040
036 041
036 042
