001 001
001 003
002 001
002 003
002 019
002 020
002 021
003 001
003 003
003 006
003 008
003 012
003 014
003 019
003 020
003 021
004 001
004 003
004 006
004 008
004 012
004 014
005 006
005 008
005 012
005 014
007 003
008 003
008 017
008 018
008 019
008 021
008 022
009 003
009 006
009 008
009 012
009 014
009 017
009 018
009 019
009 021
009 022
010 006
010 008
010 012
010 014
010 017
010 018
010 019
010 021
010 022
011 006
011 008
011 012
011 014
013 003
014 003
014 017
014 018
014 019
014 021
014 022
015 003
015 006
015 008
015 012
015 014
015 017
015 018
015 019
015 021
015 022
016 006
016 008
016 012
016 014
016 017
016 018
016 019
016 021
016 022
017 006
017 008
017 012
017 014
019 017
019 018
019 019
019 021
019 022
020 006
020 008
020 012
020 014
020 017
020 018
020 019
020 021
020 022
021 006
021 008
021 012
021 014
023 005
023 006
023 008
023 009
023 011
023 012
023 014
023 015
023 018
023 019
023 020
023 021
