001 001
001 003
001 005
001 007
001 008
001 009
001 011
001 012
001 013
001 015
001 017
002 003
002 005
002 007
002 008
002 009
002 011
002 012
002 013
002 015
002 017
004 001
005 001
005 003
005 005
005 007
005 008
005 009
005 011
005 012
005 013
005 015
006 003
006 005
006 007
006 008
006 009
006 011
006 012
006 013
006 015
008 001
009 001
009 003
009 005
009 007
009 008
009 009
009 011
009 012
009 013
009 015
010 003
010 005
010 007
010 008
010 009
010 011
010 012
010 013
010 015
012 001
013 001
013 003
013 005
013 007
013 008
013 009
013 011
013 012
013 013
013 015
014 003
014 005
014 007
014 008
014 009
014 011
014 012
014 013
014 015
016 001
016 003
016 005
016 009
016 010
016 011
016 015
018 008
018 009
018 010
018 011
018 012
019 003
019 005
019 008
019 009
019 010
019 011
019 012
019 015
020 015
