001 008
001 009
001 012
001 013
001 016
001 017
001 018
002 001
002 002
002 003
002 008
002 009
002 012
002 013
002 016
002 017
002 018
002 022
003 001
003 002
003 003
003 008
003 009
003 012
003 013
003 022
004 001
004 002
004 003
004 022
006 002
006 003
006 004
006 008
006 009
006 012
006 013
006 016
006 017
006 018
006 020
006 021
006 022
008 002
008 003
008 004
008 008
008 009
008 012
008 013
008 016
008 017
008 018
008 020
008 021
008 022
010 002
010 003
010 004
010 008
010 009
010 012
010 013
010 016
010 017
010 018
010 020
010 021
010 022
012 002
012 006
012 009
012 011
012 012
012 015
012 016
012 018
012 019
012 020
012 022
013 015
013 016
013 018
013 019
013 020
013 022
