001 037
002 001
002 002
002 037
003 001
003 002
003 004
003 005
003 006
003 011
003 013
003 014
003 015
003 017
003 019
003 021
003 022
003 024
003 028
003 029
003 030
003 033
003 037
004 001
004 002
004 004
004 005
004 006
004 011
004 013
004 014
004 015
004 017
004 019
004 021
004 022
004 024
004 028
004 029
004 030
005 004
005 005
005 006
005 028
005 029
005 030
007 037
008 001
008 002
008 037
009 001
009 002
009 004
009 006
009 007
009 011
009 013
009 014
009 015
009 017
009 019
009 021
009 022
009 024
009 028
009 030
009 031
009 033
009 034
009 037
011 037
012 001
012 002
012 037
013 001
013 002
013 004
013 006
013 007
013 011
013 013
013 014
013 015
013 017
013 019
013 021
013 022
013 024
013 028
013 030
013 031
013 033
013 034
013 037
015 037
016 001
016 002
016 004
016 006
016 007
016 011
016 013
016 014
016 015
016 017
016 019
016 021
016 022
016 024
016 028
016 030
016 031
016 033
016 034
016 037
018 001
018 002
018 004
018 006
018 007
018 011
018 013
018 014
018 015
018 017
018 019
018 021
018 022
018 028
018 030
018 031
018 033
018 034
020 002
020 004
020 005
020 006
020 007
020 008
020 010
020 011
020 012
020 013
020 015
020 016
020 017
020 018
020 019
020 022
020 023
020 024
020 025
020 027
020 028
020 029
020 030
020 031
020 033
020 034
020 035
022 010
022 011
022 012
022 013
