001 028
002 001
002 003
002 005
002 008
002 010
002 012
002 028
003 001
003 003
003 005
003 008
003 010
003 012
003 014
003 016
003 018
003 019
003 021
003 022
003 024
003 026
003 028
004 014
004 016
004 018
004 019
004 021
004 022
004 024
004 026
006 001
006 003
006 005
006 008
006 010
006 012
006 028
007 001
007 003
007 005
007 008
007 010
007 012
007 014
007 016
007 018
007 019
007 021
007 022
007 024
007 026
007 028
008 014
008 016
008 018
008 019
008 021
008 022
008 024
008 026
010 001
010 003
010 005
010 008
010 010
010 012
010 028
011 001
011 003
011 005
011 008
011 010
011 012
011 014
011 016
011 018
011 019
011 021
011 022
011 024
011 026
011 028
012 014
012 016
012 018
012 019
012 021
012 022
012 024
012 026
014 001
014 003
014 005
014 006
014 008
014 010
014 012
015 001
015 003
015 005
015 006
015 008
015 010
015 012
015 014
015 016
015 019
015 020
015 021
015 024
015 026
016 005
016 006
016 019
016 020
016 021
