001 003
001 004
001 005
001 007
001 021
001 022
001 024
001 026
001 027
003 009
003 010
003 011
003 012
003 014
003 016
003 017
003 018
005 001
005 004
005 005
005 007
005 020
005 021
005 024
005 027
005 028
005 030
005 032
006 001
006 004
006 005
006 007
006 009
006 010
006 011
006 012
006 014
006 015
006 016
006 020
006 021
006 024
006 027
006 028
006 030
006 032
007 009
007 010
007 011
007 012
007 014
007 015
007 016
009 001
009 004
009 005
009 007
009 020
009 021
009 024
009 027
009 028
009 030
009 032
010 001
010 004
010 005
010 007
010 010
010 012
010 014
010 016
010 017
010 020
010 021
010 024
010 027
010 028
010 030
010 032
012 001
012 004
012 005
012 007
012 020
012 021
012 024
012 027
012 028
012 030
012 032
013 001
013 004
013 005
013 007
013 010
013 012
013 014
013 016
013 017
013 020
013 021
013 024
013 027
013 028
013 030
013 032
015 001
015 004
015 005
015 007
015 020
015 021
015 024
015 027
015 028
015 030
015 032
016 001
016 004
016 005
016 007
016 010
016 012
016 014
016 016
016 017
016 020
016 021
016 024
016 027
016 028
016 030
016 032
