002 002
002 003
002 004
002 012
002 013
002 014
002 018
002 019
002 026
002 029
002 030
002 032
002 033
003 002
003 003
003 004
003 026
003 029
003 030
003 032
003 033
005 002
005 004
006 002
006 004
006 012
006 013
006 014
006 016
006 018
006 021
006 022
006 023
006 026
006 030
006 033
007 012
007 013
007 014
007 016
007 018
007 021
007 022
007 023
007 026
007 030
007 033
008 006
008 008
008 010
008 012
008 013
008 014
008 016
008 018
008 021
008 022
008 023
008 026
008 030
008 033
009 006
009 008
009 010
010 002
010 004
010 006
010 008
010 010
011 002
011 004
012 002
012 004
012 006
012 008
012 010
012 012
012 013
012 014
012 016
012 018
012 021
012 022
012 023
012 026
012 030
012 033
013 006
013 008
013 010
013 012
013 013
013 014
013 016
013 018
013 021
013 022
013 023
013 026
013 030
013 033
015 002
015 004
016 002
016 004
016 006
016 008
016 010
016 012
016 013
016 014
016 016
016 018
016 021
016 022
016 023
016 025
016 026
016 027
016 029
016 030
016 031
016 032
016 033
016 034
017 006
017 008
017 010
017 012
017 013
017 014
017 016
017 018
017 021
017 022
017 023
017 025
017 026
017 027
017 029
017 030
017 031
017 032
017 033
017 034
018 002
018 004
018 006
018 008
018 010
018 012
018 013
018 014
018 016
018 018
018 021
018 022
018 023
018 025
018 026
018 027
018 029
018 030
018 031
018 032
018 033
018 034
019 002
019 004
020 002
020 004
020 006
020 008
020 010
021 006
021 008
021 010
022 006
022 008
022 010
022 012
022 014
022 016
022 018
022 021
022 023
022 026
022 030
022 033
023 001
023 002
023 003
023 004
023 006
023 008
023 010
023 012
023 014
023 016
023 018
023 021
023 023
023 026
023 030
023 033
024 001
024 002
024 003
024 004
024 012
024 014
024 016
024 018
024 021
024 023
024 026
024 030
024 033
025 001
025 002
025 003
025 004
