001 001
001 003
001 005
001 007
001 009
001 011
001 013
001 015
001 017
001 019
001 021
001 023
001 025
001 027
001 029
001 030
001 032
001 033
001 035
001 037
003 001
003 003
003 005
003 007
003 009
003 011
003 013
003 015
003 017
003 019
003 021
003 023
003 025
003 027
003 029
003 030
003 032
003 033
003 035
003 037
004 037
006 001
006 003
006 005
006 007
006 009
006 011
006 013
006 015
006 017
006 019
006 021
006 023
006 025
006 027
006 029
006 030
006 032
006 033
006 035
006 037
007 001
007 003
007 005
007 007
007 009
007 011
007 013
007 015
007 019
007 021
007 023
007 025
007 027
007 035
007 037
009 001
009 003
009 005
009 007
009 009
009 011
009 013
009 015
009 017
009 019
009 021
009 023
009 025
009 027
009 030
009 033
009 035
009 037
011 005
011 007
011 015
011 017
011 019
011 021
011 023
011 025
011 027
011 030
011 033
011 035
011 037
012 001
012 003
012 005
012 007
012 009
012 011
012 013
012 015
012 017
012 019
012 021
012 023
012 025
012 027
012 030
012 033
012 035
012 037
013 001
013 003
013 009
013 011
013 013
015 005
015 007
015 009
015 011
015 013
015 015
015 017
015 019
015 021
015 023
015 025
015 027
015 030
015 033
015 035
015 037
016 001
016 003
016 005
016 007
016 009
016 011
016 013
016 015
016 017
016 019
016 021
016 023
016 025
016 027
016 030
016 033
016 035
016 037
017 001
017 003
019 005
019 007
019 017
019 019
019 021
019 023
019 025
019 027
019 030
019 033
019 035
019 037
020 001
020 003
020 005
020 007
020 009
020 011
020 013
020 015
020 017
020 019
020 021
020 023
020 025
020 027
020 030
020 033
020 035
020 037
021 001
021 003
021 009
021 011
021 013
021 015
023 001
023 003
023 005
023 007
023 009
023 011
023 013
023 015
023 017
023 019
023 021
023 023
023 025
023 027
023 030
023 035
023 037
024 001
024 003
024 005
024 007
024 009
024 011
024 013
024 015
024 017
024 019
024 021
024 023
024 025
024 027
024 030
024 033
024 035
024 037
026 001
026 003
026 005
026 007
026 009
026 011
026 013
026 015
026 017
026 019
026 021
026 023
026 025
026 027
026 030
026 033
026 035
026 037
028 001
028 003
028 005
028 007
028 009
028 011
028 013
028 015
028 017
028 019
028 021
028 023
028 025
028 027
028 030
028 033
028 035
028 037
029 001
029 003
031 001
031 003
031 005
031 007
031 009
031 011
031 013
031 015
031 017
031 019
031 021
031 023
031 025
031 027
031 030
031 033
031 035
031 037
033 001
033 003
033 005
033 007
033 009
033 011
033 013
033 015
033 017
033 019
033 021
033 023
033 025
033 027
033 029
033 030
033 032
033 033
033 035
033 037
035 001
035 003
035 005
035 007
035 009
035 011
035 013
035 015
035 017
035 019
035 021
035 023
035 025
035 027
035 029
035 030
035 032
035 033
035 035
035 037
037 001
037 003
037 005
037 007
037 009
037 011
037 013
037 015
037 017
037 019
037 021
037 023
037 025
037 027
037 029
037 030
037 032
037 033
037 035
037 037
039 001
039 002
039 003
039 005
039 006
039 007
039 009
039 010
039 011
039 013
039 014
039 015
039 017
039 018
039 019
039 021
039 022
039 023
039 025
039 026
039 027
039 029
039 030
039 031
039 032
039 033
039 035
039 036
039 037
041 001
041 002
041 003
041 005
041 006
041 007
041 009
041 010
041 011
041 013
041 014
041 015
041 021
041 022
041 023
041 025
041 026
041 027
041 029
041 030
041 031
041 032
041 033
041 035
041 036
041 037
042 001
042 002
042 003
042 005
042 006
042 007
042 009
042 010
042 011
042 013
042 014
042 015
042 017
042 018
042 019
042 021
042 022
042 023
042 025
042 026
042 027
042 029
042 030
042 031
042 032
042 033
042 035
042 036
042 037
