001 002
001 006
001 010
001 014
001 018
001 022
003 001
003 002
003 003
003 005
003 006
003 007
003 009
003 010
003 011
003 013
003 014
003 015
003 017
003 018
003 019
003 021
003 022
003 023
005 001
005 002
005 003
005 005
005 006
005 007
005 009
005 010
005 011
005 013
005 014
005 015
005 017
005 018
005 019
005 021
005 022
005 023
007 001
007 002
007 003
007 005
007 006
007 007
007 009
007 010
007 011
007 013
007 014
007 015
007 017
007 018
007 019
007 021
007 022
007 023
009 001
009 002
009 003
009 005
009 006
009 007
009 009
009 010
009 011
009 013
009 014
009 015
009 017
009 018
009 019
009 021
009 022
009 023
