001 002
001 006
001 008
001 012
001 016
001 018
001 022
003 002
003 006
003 008
003 012
003 016
003 018
003 022
005 002
005 006
005 008
005 012
005 016
005 018
005 022
007 001
007 002
007 003
007 005
007 006
007 007
007 008
007 009
007 011
007 012
007 013
007 015
007 016
007 017
007 018
007 019
007 021
007 022
007 023
008 001
008 002
008 003
008 005
008 006
008 007
008 008
008 009
008 015
008 016
008 017
008 018
008 019
008 021
008 022
008 023
009 001
009 002
009 003
009 005
009 006
009 007
009 008
009 009
009 011
009 012
009 013
009 015
009 016
009 017
009 018
009 019
009 021
009 022
009 023
