001 019
002 004
002 005
002 019
003 004
003 005
004 004
004 005
004 012
004 013
004 015
004 016
004 017
006 019
007 001
007 003
007 004
007 006
007 008
007 010
007 013
007 014
007 015
007 019
008 001
008 003
008 004
008 006
008 008
008 010
008 013
008 014
008 015
010 019
011 001
011 003
011 004
011 006
011 008
011 010
011 013
011 014
011 015
011 019
012 001
012 003
012 004
012 006
012 008
012 010
012 013
012 014
012 015
014 001
014 003
014 004
014 006
014 008
014 010
014 013
014 014
014 015
016 001
016 003
016 004
016 006
016 008
016 010
016 013
016 014
016 015
018 001
018 008
018 009
018 010
018 013
018 014
018 015
018 016
