001 003
001 005
001 007
001 025
001 027
001 029
002 001
002 003
002 005
002 007
002 011
002 012
002 013
002 014
002 015
002 016
002 017
002 019
002 020
002 021
002 022
002 023
002 025
002 027
002 029
002 033
002 035
002 037
003 001
003 011
003 012
003 013
003 014
003 015
003 016
003 017
003 019
003 020
003 021
003 022
003 023
003 033
003 035
003 037
005 003
005 005
005 007
005 025
005 027
005 029
005 041
006 001
006 003
006 005
006 007
006 011
006 012
006 013
006 014
006 015
006 016
006 017
006 019
006 020
006 021
006 022
006 023
006 025
006 027
006 029
006 033
006 035
006 037
006 041
007 001
007 003
007 005
007 007
007 011
007 012
007 013
007 014
007 015
007 016
007 017
007 019
007 020
007 021
007 022
007 023
007 025
007 027
007 029
007 033
007 035
007 037
008 001
008 003
008 005
008 007
008 011
008 012
008 013
008 014
008 015
008 016
008 017
008 019
008 020
008 021
008 022
008 023
008 025
008 027
008 029
008 033
008 035
008 037
008 039
009 001
009 011
009 012
009 013
009 014
009 015
009 016
009 017
009 019
009 020
009 021
009 022
009 023
009 033
009 035
009 037
009 039
010 001
010 011
010 012
010 013
010 014
010 015
010 016
010 017
010 019
010 020
010 021
010 022
010 023
010 033
010 035
010 037
010 039
010 041
011 041
012 003
012 005
012 007
012 009
012 025
012 027
012 029
012 031
013 003
013 005
013 007
013 009
013 011
013 013
013 015
013 017
013 019
013 021
013 023
013 025
013 027
013 029
013 031
013 035
013 037
014 003
014 005
014 007
014 009
014 011
014 013
014 015
014 017
014 019
014 021
014 023
014 025
014 027
014 029
014 031
014 035
014 037
014 039
015 003
015 005
015 007
015 009
015 011
015 013
015 015
015 017
015 019
015 021
015 023
015 025
015 027
015 029
015 031
015 035
015 037
015 039
015 041
016 039
016 041
