001 007
001 011
001 013
001 014
001 016
001 017
001 019
001 022
001 023
001 024
001 026
001 027
001 028
001 030
001 033
002 030
002 033
004 003
004 004
004 006
004 007
004 009
004 021
004 022
004 024
004 025
004 026
004 028
005 001
005 003
005 004
005 006
005 007
005 009
005 014
005 015
005 016
005 017
005 021
005 022
005 024
005 025
005 026
005 028
005 032
005 033
005 034
006 001
006 003
006 004
006 009
006 014
006 015
006 016
006 017
006 021
006 022
006 028
006 032
006 033
006 034
008 003
008 004
008 006
008 007
008 009
008 021
008 022
008 024
008 025
008 026
008 028
009 001
009 003
009 004
009 006
009 007
009 009
009 014
009 015
009 016
009 017
009 021
009 022
009 024
009 025
009 026
009 028
009 032
009 033
009 034
011 003
011 004
011 006
011 007
011 009
011 021
011 022
011 024
011 025
011 026
011 028
012 001
012 003
012 004
012 006
012 007
012 009
012 014
012 015
012 016
012 017
012 021
012 022
012 024
012 025
012 026
012 028
012 032
012 033
012 034
014 003
014 004
014 006
014 007
014 009
014 021
014 022
014 024
014 025
014 026
014 028
015 003
015 004
015 006
015 007
015 009
015 014
015 015
015 016
015 017
015 021
015 022
015 024
015 025
015 026
015 028
015 032
015 033
015 034
017 004
017 005
017 006
017 007
017 008
017 022
017 023
017 024
017 025
017 026
017 032
017 033
017 034
018 004
018 005
018 006
018 007
018 008
018 013
018 014
018 015
018 016
018 022
018 023
018 024
018 025
018 026
018 032
018 033
018 034
020 013
020 014
020 015
020 016
