001 004
001 010
001 016
001 022
003 001
003 003
003 004
003 005
003 007
003 009
003 010
003 011
003 013
003 015
003 016
003 017
003 019
003 021
003 022
003 023
003 025
005 001
005 003
005 004
005 005
005 007
005 009
005 010
005 011
005 013
005 015
005 016
005 017
005 019
005 021
005 022
005 023
005 025
007 003
007 004
007 005
007 007
007 009
007 010
007 011
007 013
007 015
007 016
007 017
007 019
007 021
007 022
007 023
008 007
008 009
008 010
008 011
008 013
010 003
010 004
010 005
010 007
010 009
010 010
010 011
010 013
010 015
010 016
010 017
010 019
010 021
010 022
010 023
012 009
012 010
012 011
013 009
013 010
013 011
013 013
