001 007
003 047
003 049
003 050
004 023
004 024
004 027
004 030
004 031
004 034
004 035
004 045
004 047
004 049
004 050
004 052
005 012
005 013
005 014
005 023
005 024
005 027
005 030
005 031
005 034
005 035
005 045
005 047
005 049
005 050
005 052
005 082
005 083
005 085
006 082
006 083
006 085
008 021
008 024
008 025
008 029
008 030
008 033
008 034
008 042
008 043
008 045
008 046
008 047
008 049
008 050
008 052
008 053
008 055
009 010
009 012
009 021
009 024
009 025
009 029
009 030
009 033
009 034
009 042
009 043
009 045
009 046
009 047
009 049
009 050
009 052
009 053
009 055
010 010
010 012
010 014
010 015
010 016
010 021
010 024
010 025
010 029
010 030
010 033
010 034
010 042
010 043
010 045
010 046
010 047
010 049
010 050
010 052
010 053
010 055
011 002
011 003
011 010
011 012
011 014
011 015
011 016
011 021
011 024
011 025
011 029
011 030
011 033
011 034
011 040
011 042
011 043
011 045
011 046
011 047
011 049
011 050
011 052
011 053
011 055
011 057
011 079
011 080
011 081
011 082
011 087
011 088
011 089
011 090
012 079
012 080
012 081
012 082
012 087
012 088
012 089
012 090
013 007
013 008
013 012
013 013
013 014
013 016
013 017
013 018
013 066
013 068
013 079
013 080
013 081
013 082
013 087
013 088
013 089
013 090
014 007
014 008
014 012
014 013
014 014
014 016
014 017
014 018
014 066
014 068
015 001
015 007
015 008
015 012
015 013
015 014
015 016
015 017
015 018
015 020
015 021
015 024
015 025
015 029
015 030
015 033
015 034
015 037
015 038
015 040
015 042
015 043
015 045
015 046
015 047
015 049
015 050
015 052
015 053
015 057
015 059
015 060
015 066
015 068
016 001
016 007
016 008
016 012
016 013
016 014
016 016
016 017
016 018
016 020
016 021
016 024
016 025
016 029
016 030
016 033
016 034
016 037
016 038
016 040
016 042
016 043
016 045
016 046
016 047
016 049
016 050
016 052
016 053
016 057
016 059
016 060
017 001
017 007
017 008
017 012
017 013
017 014
017 016
017 017
017 018
017 020
017 021
017 024
017 025
017 029
017 030
017 033
017 034
017 037
017 038
017 040
017 042
017 043
017 045
017 046
017 047
017 049
017 050
017 052
017 053
017 057
017 059
017 060
017 075
017 077
017 078
017 079
017 081
017 082
017 083
017 085
017 086
017 087
017 088
017 090
017 091
017 092
017 093
017 094
018 020
018 021
018 024
018 025
018 029
018 030
018 033
018 034
018 037
018 038
018 040
018 042
018 043
018 045
018 046
018 047
018 049
018 050
018 052
018 053
018 057
018 059
018 060
018 075
018 077
018 078
018 079
018 081
018 082
018 083
018 085
018 086
018 087
018 088
018 090
018 091
018 092
018 093
018 094
019 020
019 021
019 024
019 025
019 029
019 030
019 033
019 034
019 075
019 077
019 078
019 079
019 081
019 082
019 083
019 085
019 086
019 087
019 088
019 090
019 091
019 092
019 093
019 094
020 007
020 008
020 012
020 013
020 014
020 016
020 017
020 018
020 020
020 021
020 024
020 025
020 029
020 030
020 033
020 034
020 064
020 066
020 068
020 070
020 071
020 072
020 075
020 077
020 078
020 079
020 081
020 082
020 083
020 085
020 086
020 087
020 088
020 090
020 091
020 092
020 093
020 094
021 007
021 008
021 012
021 013
021 014
021 016
021 017
021 018
021 064
021 066
021 068
021 070
021 071
021 072
022 001
022 007
022 008
022 012
022 013
022 014
022 016
022 017
022 018
022 037
022 038
022 040
022 042
022 043
022 045
022 046
022 047
022 049
022 050
022 052
022 053
022 057
022 059
022 060
022 064
022 066
022 068
022 070
022 071
022 072
024 001
024 020
024 021
024 024
024 025
024 029
024 030
024 033
024 034
024 037
024 038
024 040
024 042
024 043
024 045
024 046
024 047
024 049
024 050
024 052
024 053
024 057
024 059
024 060
025 001
025 020
025 021
025 024
025 025
025 029
025 030
025 033
025 034
025 037
025 038
025 040
025 042
025 043
025 045
025 046
025 047
025 049
025 050
025 052
025 053
025 057
025 059
025 060
025 075
025 077
025 079
025 081
025 082
025 085
025 087
025 088
025 090
025 093
026 020
026 021
026 024
026 025
026 029
026 030
026 033
026 034
026 075
026 077
026 079
026 081
026 082
026 085
026 087
026 088
026 090
026 093
027 007
027 008
027 012
027 013
027 014
027 016
027 017
027 018
027 020
027 021
027 024
027 025
027 029
027 030
027 033
027 034
027 064
027 066
027 068
027 070
027 071
027 072
027 075
027 077
027 079
027 081
027 082
027 085
027 087
027 088
027 090
027 093
028 007
028 008
028 012
028 013
028 014
028 016
028 017
028 018
028 020
028 021
028 024
028 025
028 029
028 030
028 033
028 034
028 064
028 066
028 068
028 070
028 071
028 072
029 007
029 008
029 012
029 013
029 014
029 016
029 017
029 018
029 064
029 066
029 068
029 070
029 071
029 072
030 002
030 003
030 004
030 007
030 008
030 012
030 013
030 014
030 016
030 017
030 018
030 037
030 038
030 040
030 042
030 043
030 045
030 046
030 047
030 049
030 050
030 052
030 053
030 057
030 059
030 060
030 064
030 066
030 068
030 070
030 071
030 072
031 002
031 003
031 004
031 037
031 038
031 040
031 042
031 043
031 045
031 046
031 047
031 049
031 050
031 052
031 053
031 057
031 059
031 060
032 002
032 003
032 004
032 020
032 021
032 024
032 025
032 029
032 030
032 033
032 034
032 037
032 038
032 040
032 042
032 043
032 045
032 046
032 047
032 049
032 050
032 052
032 053
032 057
032 059
032 060
032 075
032 077
032 079
032 081
032 082
032 083
032 085
032 087
032 088
032 090
032 091
032 093
033 002
033 003
033 004
033 007
033 008
033 010
033 012
033 013
033 014
033 015
033 016
033 018
033 020
033 021
033 024
033 025
033 029
033 030
033 033
033 034
033 063
033 064
033 066
033 068
033 069
033 070
033 072
033 073
033 075
033 077
033 079
033 081
033 082
033 083
033 085
033 087
033 088
033 090
033 091
033 093
034 007
034 008
034 010
034 012
034 013
034 014
034 015
034 016
034 018
034 020
034 021
034 024
034 025
034 029
034 030
034 033
034 034
034 063
034 064
034 066
034 068
034 069
034 070
034 072
034 073
034 075
034 077
034 079
034 081
034 082
034 083
034 085
034 087
034 088
034 090
034 091
034 093
035 007
035 008
035 010
035 012
035 013
035 014
035 015
035 016
035 018
035 020
035 021
035 024
035 025
035 029
035 030
035 063
035 064
035 066
035 068
035 069
035 070
035 072
035 073
036 007
036 008
036 010
036 012
036 013
036 014
036 015
036 016
036 018
036 020
036 021
036 024
036 025
036 029
036 030
036 038
036 039
036 040
036 043
036 044
036 045
036 046
036 047
036 050
036 051
036 052
036 053
036 055
036 057
036 059
036 060
036 061
036 063
036 064
036 066
036 068
036 069
036 070
036 072
036 073
037 007
037 008
037 010
037 012
037 013
037 014
037 015
037 016
037 018
037 038
037 039
037 040
037 043
037 044
037 045
037 046
037 047
037 050
037 051
037 052
037 053
037 055
037 057
037 059
037 060
037 061
038 038
038 039
038 040
038 043
038 044
038 045
038 046
038 047
038 050
038 051
038 052
038 053
038 055
038 057
038 059
038 060
038 061
039 038
039 039
039 040
039 043
039 044
039 045
039 046
039 047
040 038
040 039
040 040
040 043
040 044
040 045
040 046
040 047
040 088
040 089
040 090
040 091
040 092
040 093
041 038
041 039
041 040
041 043
041 044
041 045
041 046
041 047
042 003
042 004
042 005
042 038
042 039
042 040
042 043
042 044
042 045
042 046
042 047
043 003
043 004
043 005
