001 005
001 006
003 001
003 003
003 006
003 007
003 009
003 017
003 023
003 024
003 033
003 035
003 037
003 038
004 001
004 003
004 006
004 007
004 009
004 017
004 023
004 024
006 031
006 033
006 038
006 039
006 041
007 001
007 003
007 006
007 007
007 009
007 013
007 015
007 019
007 021
007 024
007 025
007 027
007 031
007 033
007 038
007 039
007 041
008 001
008 003
008 006
008 007
008 009
008 013
008 015
008 019
008 021
008 024
008 025
008 027
009 001
009 003
009 006
009 007
009 009
010 001
010 003
010 006
010 007
010 009
010 031
010 033
010 038
010 039
010 041
011 003
011 031
011 033
011 038
011 039
011 041
012 031
012 033
012 038
012 039
012 041
013 001
013 003
013 006
013 007
013 009
013 011
013 015
013 019
013 020
013 021
013 024
013 025
013 029
013 031
013 033
013 038
013 039
013 041
014 001
014 003
014 006
014 007
014 009
014 011
014 015
014 019
014 020
014 021
014 024
014 025
014 029
015 001
015 003
015 006
015 007
015 009
015 019
015 020
015 021
016 001
016 003
016 006
016 007
016 009
016 019
016 020
016 021
016 031
016 033
016 038
016 039
016 041
017 003
017 006
017 007
017 031
017 033
017 038
017 039
017 041
019 011
019 015
019 019
019 020
019 021
019 024
019 025
019 029
019 031
019 033
019 038
019 039
019 041
020 011
020 015
020 019
020 020
020 021
020 024
020 025
020 029
021 001
021 003
021 006
021 007
021 009
021 011
021 015
021 019
021 020
021 021
021 024
021 025
021 029
022 001
022 003
022 006
022 007
022 009
022 019
022 020
022 021
023 001
023 003
023 006
023 007
023 009
023 019
023 020
023 021
023 031
023 033
023 038
023 039
023 041
024 003
024 006
024 007
024 031
024 033
024 038
024 039
024 041
026 024
026 025
026 026
026 027
