001 003
001 006
001 009
001 012
001 014
001 016
001 018
001 020
001 022
001 025
001 026
001 028
001 029
001 032
001 034
001 036
002 001
002 003
002 006
002 009
002 012
002 014
002 016
002 018
002 020
002 022
002 025
002 026
002 028
002 029
002 032
002 034
002 036
004 001
004 003
004 006
004 009
004 012
004 014
004 016
004 018
004 020
004 022
004 025
004 026
004 028
004 029
004 032
004 034
004 036
006 001
006 003
006 006
006 009
006 012
006 014
006 016
006 018
006 020
006 022
006 025
006 026
006 028
006 029
006 032
006 034
007 003
007 006
007 009
007 012
007 014
007 016
007 018
007 020
007 022
007 025
007 026
007 028
007 029
007 032
007 034
009 001
010 001
010 009
010 010
010 018
010 020
010 022
010 023
010 026
010 027
010 028
010 031
010 032
011 001
011 005
011 006
011 009
011 010
011 018
011 020
011 022
011 023
011 026
011 027
011 028
011 031
011 032
012 001
012 005
012 006
012 009
012 010
012 014
012 015
012 016
012 018
012 020
012 022
012 023
012 026
012 027
012 028
012 031
012 032
013 005
013 006
013 009
013 010
013 014
013 015
013 016
013 018
013 020
013 022
013 023
013 026
013 027
013 028
013 031
013 032
014 005
014 006
014 009
014 010
014 014
014 015
014 016
014 026
014 027
014 028
014 031
014 032
