001 019
001 020
001 030
001 031
003 024
003 025
003 026
005 001
005 003
005 008
005 010
005 012
005 014
005 016
005 018
005 019
005 022
005 025
005 028
005 031
005 032
005 034
005 036
005 038
006 001
006 003
006 008
006 010
006 012
006 014
006 016
006 018
006 019
006 022
006 025
006 028
006 031
006 032
006 034
006 036
006 038
006 041
007 001
007 003
007 008
007 010
007 012
007 014
007 016
007 018
007 019
007 022
007 025
007 028
007 031
007 032
007 041
009 001
009 003
009 008
009 010
009 012
009 014
009 016
009 018
009 019
009 022
009 025
009 028
009 031
009 032
009 034
009 036
009 038
009 041
011 005
011 006
011 008
011 009
011 010
011 012
011 014
011 016
011 018
011 019
011 022
011 025
012 001
012 002
012 003
012 005
012 006
012 008
012 009
012 010
012 012
012 014
012 016
012 018
012 019
012 022
012 025
013 001
013 002
013 003
013 005
013 006
013 008
013 009
013 010
015 018
015 019
015 020
015 021
015 022
015 028
015 029
015 030
015 031
015 032
015 034
015 035
015 036
015 037
015 038
015 039
016 018
016 019
016 020
016 021
016 022
016 028
016 029
016 030
016 031
016 032
018 025
018 026
019 006
019 007
019 008
019 009
019 010
019 012
019 013
019 014
019 015
019 016
019 025
019 026
