001 004
001 009
001 010
001 014
001 017
001 020
001 022
001 024
002 014
002 017
002 020
002 022
002 024
004 002
004 007
004 012
004 014
004 017
004 020
004 022
004 024
004 025
005 002
005 007
005 012
005 014
005 017
005 020
005 022
005 024
005 025
005 027
006 007
006 022
006 024
006 025
006 027
008 002
008 007
008 012
008 014
008 017
008 019
008 020
008 022
008 024
008 025
008 027
009 007
009 027
011 001
011 002
011 006
011 007
011 010
011 012
011 016
011 017
011 024
011 025
012 006
012 007
012 016
012 017
012 024
012 025
