001 001
001 002
001 006
001 007
001 011
001 017
001 018
001 022
002 001
002 002
002 011
002 022
004 001
004 002
004 003
004 005
004 006
004 011
004 012
004 013
004 022
004 023
005 001
005 002
005 003
005 005
005 006
005 011
005 012
005 013
005 016
005 017
005 022
005 023
007 001
007 002
007 003
007 005
007 006
007 011
007 012
007 013
007 022
007 023
008 001
008 002
008 003
008 005
008 006
008 011
008 012
008 013
008 016
008 017
008 022
008 023
010 001
010 002
010 003
010 005
010 006
010 011
010 012
010 013
010 016
010 017
013 009
013 013
013 014
013 020
015 002
