001 018
001 019
003 001
003 003
003 007
003 008
003 009
003 011
003 013
003 014
003 015
003 018
003 019
003 020
003 021
003 023
004 001
004 003
004 007
004 008
004 009
004 011
004 013
004 014
004 015
004 018
004 019
004 020
004 021
004 023
004 025
004 027
005 001
005 003
005 007
005 008
005 009
005 011
005 013
005 014
005 015
005 018
005 019
005 020
005 021
005 023
006 001
006 003
006 007
006 008
006 009
006 011
006 013
006 014
006 015
006 018
006 019
006 020
006 021
006 023
006 025
006 027
007 013
007 014
007 015
007 025
007 027
009 003
009 006
009 007
009 009
009 014
009 015
009 017
009 018
009 019
009 021
010 001
010 003
010 006
010 007
010 009
010 011
010 014
010 015
010 017
010 018
010 019
010 021
010 023
011 001
011 003
011 006
011 007
011 009
011 011
011 014
011 015
011 017
011 018
011 019
011 021
011 023
011 025
011 027
012 001
012 003
012 009
012 011
012 014
012 015
012 021
012 023
013 001
013 003
013 009
013 011
013 014
013 015
013 021
013 023
013 025
013 027
014 001
014 011
014 023
014 025
014 027
015 001
015 023
015 025
015 027
016 023
016 025
016 027
017 023
019 003
019 006
019 007
019 009
019 014
019 015
019 017
019 018
019 019
019 021
020 001
020 003
020 006
020 007
020 009
020 011
020 014
020 015
020 017
020 018
020 019
020 021
020 023
021 001
021 003
021 006
021 007
021 009
021 011
021 014
021 015
021 017
021 018
021 019
021 021
021 023
021 025
022 001
022 003
022 006
022 007
022 009
022 011
022 014
022 015
022 017
022 018
022 019
022 021
022 023
023 001
023 003
023 006
023 007
023 009
023 011
023 014
023 015
023 017
023 018
023 019
023 021
023 023
023 025
024 001
024 003
024 009
024 011
024 014
024 015
024 021
024 023
024 025
025 001
025 023
025 025
026 001
026 023
027 023
029 003
029 006
029 007
029 009
029 014
029 015
029 017
029 018
029 019
029 021
030 001
030 003
030 006
030 007
030 009
030 011
030 014
030 015
030 017
030 018
030 019
030 021
030 023
031 001
031 003
031 006
031 007
031 009
031 011
031 014
031 015
031 021
031 023
033 005
033 006
033 007
033 015
033 016
033 017
033 018
033 023
035 011
036 005
036 006
036 007
036 011
036 015
036 016
036 017
036 018
036 023
