001 002
001 005
001 007
001 009
001 012
001 013
001 014
002 002
002 005
002 007
002 009
002 012
002 013
002 014
002 018
004 001
004 002
004 003
004 005
004 007
004 009
004 011
004 012
004 014
004 015
005 001
005 002
005 003
005 005
005 007
005 009
005 011
005 012
005 014
005 015
005 017
005 018
005 020
005 022
006 001
006 002
006 003
006 005
006 007
006 009
006 011
006 012
006 014
006 015
006 017
006 018
006 020
008 022
010 001
010 002
010 003
010 005
010 007
010 009
010 011
010 012
010 014
010 015
010 017
010 018
010 020
011 001
011 002
011 003
011 005
011 007
011 009
011 011
011 012
011 014
011 015
011 017
011 018
011 020
011 022
012 001
012 002
012 003
012 005
012 007
012 009
012 011
012 012
012 014
012 015
012 017
012 018
012 020
014 022
016 001
016 002
016 003
016 005
016 007
016 009
016 011
016 012
016 014
016 015
016 017
016 018
016 020
016 022
017 001
017 002
017 003
017 005
017 007
017 009
017 011
017 012
017 014
017 015
017 017
017 018
017 020
018 001
018 002
018 003
018 005
018 007
018 009
018 011
018 012
018 014
018 015
018 017
018 018
018 020
018 022
019 022
021 011
021 012
021 014
021 015
021 017
021 018
021 020
021 022
