001 001
002 001
002 003
003 001
003 003
003 007
003 009
003 011
003 013
003 015
004 001
004 003
004 005
004 007
004 009
004 011
004 013
004 015
005 003
005 005
005 007
005 009
005 011
005 013
005 015
006 005
006 007
006 009
006 011
006 013
006 015
008 001
009 001
009 003
010 001
010 003
010 005
010 007
010 009
010 011
010 013
010 015
011 003
011 005
011 007
011 009
011 011
011 013
011 015
012 005
012 007
012 009
012 011
012 013
012 015
014 003
015 003
015 005
015 007
015 009
015 011
015 013
016 005
016 007
016 009
016 011
016 013
018 005
018 007
018 009
018 011
018 013
019 007
019 013
021 005
021 007
021 009
021 011
021 013
023 009
