001 018
002 005
002 006
002 010
002 011
002 018
002 025
002 026
002 030
003 005
003 006
003 010
003 011
003 025
003 026
003 030
005 001
005 004
005 005
005 008
005 011
005 012
005 014
005 016
005 018
005 020
005 022
005 024
005 025
005 028
005 030
005 031
005 033
007 001
007 004
007 005
007 008
007 011
007 012
007 014
007 016
007 018
007 020
007 022
007 024
007 025
007 028
007 030
007 031
007 033
009 001
009 003
009 004
009 005
009 006
009 008
009 011
009 012
009 014
009 016
009 018
009 020
009 022
009 024
009 025
009 028
009 030
009 031
009 033
010 003
010 004
010 005
010 006
