001 002
001 004
001 006
001 008
001 010
001 012
001 013
001 015
001 017
001 019
001 020
001 022
003 002
003 004
003 006
003 008
003 010
003 012
003 013
003 015
003 017
003 019
003 020
003 022
005 002
005 004
005 006
005 008
005 010
005 012
005 013
005 015
005 017
005 019
005 020
005 022
007 002
007 004
007 006
007 008
007 010
007 012
007 013
007 015
007 017
007 019
007 020
007 022
009 002
009 004
009 006
009 008
009 010
009 012
009 013
009 015
009 017
009 019
009 020
009 022
011 001
011 002
011 003
011 004
011 005
011 006
011 007
011 008
011 009
011 010
011 011
011 012
011 013
011 014
011 015
011 016
011 017
011 018
011 019
011 020
011 021
011 022
011 023
013 010
013 011
013 012
013 020
