001 011
001 012
001 013
001 040
001 041
001 042
003 001
003 003
003 004
003 010
003 011
003 012
003 013
003 021
003 022
003 024
003 025
003 026
003 029
003 030
003 032
003 038
003 039
003 040
003 042
003 043
003 049
003 050
003 052
005 034
005 036
005 046
005 047
005 049
005 052
006 001
006 003
006 004
006 009
006 010
006 011
006 013
006 014
006 020
006 022
006 023
006 024
006 034
006 036
006 046
006 047
006 049
006 052
007 001
007 003
007 004
007 009
007 010
007 011
007 013
007 014
007 020
007 022
007 023
007 024
010 003
010 004
010 005
010 008
010 009
010 010
010 011
010 012
010 013
010 017
010 019
010 020
010 034
010 036
010 046
010 047
010 049
010 050
012 004
012 005
012 006
012 013
012 014
012 015
012 021
012 022
012 023
012 024
012 025
012 028
012 029
012 036
012 037
012 038
012 045
012 046
012 054
