001 002
001 003
001 004
001 007
001 010
001 011
001 013
001 014
001 017
001 018
001 020
001 021
001 024
003 002
003 003
003 004
003 007
003 011
003 012
003 013
003 014
003 018
003 019
003 020
003 021
003 024
005 002
005 003
005 004
005 007
005 010
005 011
005 014
005 015
005 017
005 018
005 021
005 022
007 001
007 002
007 004
007 005
007 007
007 010
007 011
007 014
007 015
007 017
007 018
007 021
007 022
009 002
009 003
009 004
009 007
009 010
009 011
009 014
009 015
009 017
009 018
009 021
009 022
011 007
011 008
012 002
012 003
012 004
012 007
012 008
012 014
012 015
