001 013
001 014
003 012
003 013
003 014
003 015
003 016
004 004
004 012
004 013
004 014
004 015
004 016
004 026
005 001
005 002
005 004
005 012
005 013
005 014
005 015
005 016
005 026
005 031
005 032
005 033
007 002
007 007
007 008
007 009
007 013
007 014
007 016
007 017
007 018
007 019
007 021
007 022
007 023
007 024
007 028
007 029
007 031
007 032
007 033
007 035
008 016
008 017
008 018
008 019
010 013
010 014
010 016
010 017
010 019
010 020
010 021
010 023
010 024
011 002
011 007
011 008
011 009
011 013
011 014
011 016
011 017
011 019
011 020
011 021
011 023
011 024
011 028
011 029
011 031
011 032
011 033
011 035
013 002
013 007
013 008
013 009
013 013
013 014
013 016
013 017
013 019
013 020
013 021
013 023
013 024
013 028
013 029
013 031
013 032
013 033
013 035
015 001
015 002
015 006
015 007
015 009
015 010
015 014
015 015
015 016
015 017
015 021
015 022
015 023
015 029
015 030
015 031
015 033
015 035
016 001
016 002
