001 024
003 053
005 003
007 012
007 014
007 016
007 020
007 022
007 024
007 026
008 009
008 010
008 012
008 014
008 016
008 020
008 022
008 024
008 026
008 028
008 029
008 030
008 031
008 032
008 033
008 034
008 035
008 042
008 043
008 044
008 045
008 046
008 047
008 048
008 049
009 007
009 009
009 010
009 012
009 014
009 016
009 020
009 022
009 024
009 026
009 028
009 029
009 030
009 031
009 032
009 033
009 034
009 035
009 042
009 043
009 044
009 045
009 046
009 047
009 048
009 049
010 007
010 009
010 010
011 003
011 005
011 007
011 009
011 010
012 003
012 005
014 001
014 003
014 005
014 024
014 053
014 055
014 056
014 057
014 059
015 024
015 053
015 055
015 056
015 057
015 059
016 012
016 013
016 014
016 018
016 019
016 020
016 022
016 024
016 026
016 028
016 029
016 030
016 032
016 033
016 034
016 037
016 038
016 039
016 044
016 045
016 046
016 048
016 049
016 051
016 053
016 055
016 056
016 057
016 059
016 061
016 062
016 063
017 012
017 013
017 014
017 018
017 019
017 020
017 022
017 024
017 026
017 028
017 029
017 030
017 032
017 033
017 034
017 037
017 038
017 039
017 044
017 045
017 046
017 048
017 049
017 051
017 053
017 055
017 056
017 057
017 059
017 061
017 062
017 063
018 003
018 004
018 005
018 007
018 008
018 009
018 012
018 013
018 014
018 018
018 019
018 020
018 022
018 024
018 026
018 028
018 029
018 030
018 032
018 033
018 034
018 037
018 038
018 039
018 044
018 045
018 046
018 048
018 049
018 051
018 053
018 055
018 056
018 057
018 059
018 061
018 062
018 063
019 001
019 003
019 004
019 005
019 007
019 008
019 009
019 012
019 013
019 014
019 018
019 019
019 020
019 022
019 024
019 026
019 028
019 029
019 030
019 032
019 033
019 034
019 037
019 038
019 039
019 044
019 045
019 046
019 048
019 049
019 051
019 053
019 055
019 056
019 057
019 059
019 061
019 062
019 063
020 001
020 003
020 004
020 005
020 007
020 008
020 009
020 012
020 013
020 014
020 061
020 062
020 063
021 001
021 003
021 004
021 005
021 007
021 008
021 009
023 018
023 019
023 020
023 022
023 024
023 026
023 028
023 029
023 030
023 032
023 033
023 034
023 037
023 038
023 039
023 042
023 044
023 045
023 046
023 048
023 049
023 051
023 053
023 054
023 055
023 056
023 057
023 058
023 059
024 012
024 013
024 014
024 018
024 019
024 020
024 022
024 024
024 026
024 028
024 029
024 030
024 032
024 033
024 034
024 037
024 038
024 039
024 042
024 044
024 045
024 046
024 048
024 049
024 051
024 053
024 054
024 055
024 056
024 057
024 058
024 059
024 061
024 062
024 063
025 003
025 005
025 007
025 008
025 009
025 012
025 013
025 014
025 018
025 019
025 020
025 022
025 024
025 026
025 028
025 029
025 030
025 032
025 033
025 034
025 037
025 038
025 039
025 042
025 044
025 045
025 046
025 048
025 049
025 051
025 053
025 054
025 055
025 056
025 057
025 058
025 059
025 061
025 062
025 063
026 007
026 008
026 009
026 012
026 013
026 014
026 018
026 019
026 020
026 022
026 024
026 026
026 028
026 029
026 030
026 032
026 033
026 034
026 037
026 038
026 039
026 042
026 044
026 045
026 046
026 048
026 049
026 051
026 053
026 054
026 055
026 056
026 057
026 058
026 059
026 061
026 062
026 063
027 003
027 005
027 007
027 008
027 009
027 012
027 013
027 014
027 018
027 019
027 020
027 022
027 024
027 026
027 028
027 029
027 030
027 032
027 033
027 034
027 037
027 038
027 039
027 042
027 044
027 045
027 046
027 048
027 049
027 051
027 053
027 054
027 055
027 056
027 057
027 058
027 059
027 061
027 062
027 063
028 003
028 005
028 007
028 008
028 009
030 022
030 024
030 026
030 028
030 029
030 030
030 032
030 033
030 034
030 037
030 038
030 039
030 042
030 044
030 045
030 046
030 048
030 049
030 053
030 055
030 057
030 059
031 005
031 007
031 009
031 012
031 014
031 018
031 020
031 022
031 024
031 026
031 028
031 029
031 030
031 032
031 033
031 034
031 037
031 038
031 039
031 042
031 044
031 045
031 046
031 048
031 049
031 053
031 054
031 055
031 057
031 058
031 059
031 061
031 063
032 005
032 007
032 009
032 012
032 014
032 018
032 020
032 022
032 024
032 026
032 028
032 029
032 030
032 032
032 033
032 034
032 037
032 038
032 039
032 042
032 044
032 045
032 046
032 048
032 049
032 053
032 054
032 055
032 057
032 058
032 059
032 061
032 063
033 005
033 007
033 009
033 022
033 024
033 026
033 028
033 029
033 030
033 032
033 033
033 034
033 037
033 038
033 039
033 042
033 044
033 045
033 046
033 048
033 049
033 053
033 054
033 055
033 057
033 058
033 059
034 005
034 007
034 009
034 012
034 013
034 014
034 018
034 019
034 020
034 022
034 024
034 026
034 028
034 029
034 030
034 032
034 033
034 034
034 037
034 038
034 039
034 042
034 044
034 045
034 046
034 048
034 049
034 053
034 054
034 055
034 057
034 058
034 059
035 005
035 012
035 013
035 014
035 018
035 019
035 020
035 022
035 024
035 026
035 028
035 029
035 030
035 032
035 033
035 034
035 037
035 038
035 039
035 042
035 044
035 045
035 046
035 048
035 049
035 053
035 054
035 055
035 057
035 058
035 059
036 005
036 007
036 008
036 009
036 012
036 013
036 014
036 018
036 019
036 020
036 022
036 024
036 026
036 028
036 029
036 030
036 032
036 033
036 034
036 037
036 038
036 039
036 042
036 044
036 045
036 046
036 048
036 049
036 053
036 054
036 055
036 057
036 058
036 059
037 005
037 007
037 008
037 009
037 012
037 013
037 014
037 018
037 019
037 020
039 051
039 053
039 054
039 055
039 056
039 057
040 007
040 008
040 009
040 012
040 013
040 014
040 018
040 019
040 020
040 022
040 024
040 026
040 028
040 029
040 030
040 032
040 033
040 034
040 037
040 038
040 039
040 044
040 045
040 046
040 048
040 049
040 051
040 053
040 054
040 055
040 056
040 057
041 007
041 008
041 009
041 012
041 013
041 014
041 018
041 019
041 020
041 028
041 029
041 030
041 032
041 033
041 034
041 037
041 038
041 039
041 044
041 045
041 046
041 048
041 049
041 051
041 053
041 054
041 055
041 056
041 057
042 007
042 008
042 009
042 012
042 013
042 014
042 018
042 019
042 020
042 022
042 023
042 024
042 026
042 028
042 029
042 030
042 032
042 033
042 034
042 037
042 038
042 039
042 044
042 045
042 046
042 048
042 049
042 051
042 053
042 054
042 055
042 056
042 057
043 007
043 008
043 009
043 012
043 013
043 014
043 018
043 019
043 020
045 007
045 008
045 009
045 012
045 013
045 014
045 018
045 019
045 020
045 028
045 029
045 030
045 032
045 033
045 034
045 037
045 044
045 045
045 046
045 048
045 049
045 051
045 053
045 055
045 057
046 007
046 008
046 009
046 012
046 013
046 014
046 018
046 019
046 020
046 028
046 029
046 030
046 032
046 033
046 034
046 044
046 045
046 046
046 048
046 049
047 007
047 008
047 009
047 012
047 013
047 014
047 018
047 019
047 020
047 028
047 029
047 030
047 032
047 033
047 034
047 037
047 044
047 045
047 046
047 048
047 049
047 051
047 052
047 053
047 055
047 056
047 057
049 022
049 023
049 024
050 022
050 023
050 024
050 051
050 052
050 053
050 055
050 056
050 057
051 022
051 023
051 024
