001 002
001 003
001 004
001 008
001 011
001 012
001 014
001 015
001 017
001 020
001 021
001 022
003 001
003 002
003 004
003 005
003 008
003 012
003 013
003 014
003 017
003 019
003 020
003 022
003 023
005 004
005 005
005 008
005 011
005 012
005 014
005 015
005 017
005 019
005 020
005 022
005 023
007 004
007 005
007 008
007 011
007 012
007 014
007 015
007 017
007 019
007 020
007 022
007 023
008 011
008 012
008 014
008 015
010 008
010 011
010 012
010 014
010 015
010 017
010 019
010 020
010 022
010 023
012 007
012 008
012 009
013 007
013 008
013 009
013 011
013 012
013 014
013 015
013 017
013 019
013 020
013 021
013 022
013 023
013 024
014 007
014 008
014 009
014 019
014 020
014 021
014 022
014 023
014 024
