001 001
001 003
001 005
001 007
001 010
001 011
001 013
001 015
001 017
001 019
001 021
001 023
001 025
001 027
003 001
003 003
003 005
003 007
003 009
003 010
003 013
003 015
003 017
003 019
003 021
003 023
003 025
005 001
005 003
005 005
005 007
005 009
005 010
005 013
005 015
005 017
005 019
005 021
005 023
005 025
005 027
007 001
007 003
007 005
007 007
007 013
007 015
007 017
007 019
007 021
007 023
007 025
007 027
008 001
008 003
008 005
008 007
008 009
008 010
008 013
008 015
008 017
008 019
008 021
008 023
008 025
008 027
009 009
009 010
010 001
010 003
010 005
010 007
010 013
010 017
010 019
010 021
010 023
010 025
