001 009
001 011
001 012
001 014
003 008
003 009
003 012
003 013
003 014
004 008
004 009
004 012
004 013
004 014
004 017
004 019
004 021
004 025
004 026
005 002
005 004
005 006
005 008
005 009
005 012
005 013
005 014
005 017
005 019
005 021
005 025
005 026
006 002
006 004
006 006
006 012
006 013
006 014
006 017
006 019
006 021
006 025
006 026
007 002
007 004
007 006
007 017
007 019
007 021
007 025
007 026
008 002
008 004
008 006
010 008
010 009
010 012
010 013
010 014
011 008
011 009
011 012
011 013
011 014
011 017
011 019
011 021
011 025
011 026
011 028
011 030
012 001
012 002
012 004
012 006
012 008
012 009
012 012
012 013
012 014
012 017
012 019
012 021
012 025
012 026
012 028
012 030
013 001
013 002
013 004
013 006
013 012
013 013
013 014
013 017
013 019
013 021
013 025
013 026
013 028
013 030
014 001
014 002
014 004
014 006
016 008
016 009
016 012
016 013
016 014
017 008
017 009
017 012
017 013
017 014
017 017
017 019
017 021
017 023
017 025
017 026
017 028
017 030
018 004
018 006
018 008
018 009
018 012
018 013
018 014
018 017
018 019
018 021
018 023
018 025
018 026
018 028
018 030
019 004
019 006
021 008
021 009
021 014
021 015
021 017
021 019
021 028
021 030
022 004
022 006
022 008
022 009
022 014
022 015
022 017
022 019
022 028
022 030
023 004
023 006
023 008
023 009
023 014
023 015
023 017
023 019
023 021
023 022
023 023
023 024
023 025
023 028
023 030
024 004
024 006
024 021
024 022
024 023
024 024
024 025
025 021
025 022
025 023
025 024
025 025
