001 014
001 025
001 034
003 008
003 010
003 012
003 014
003 015
003 017
003 019
003 021
003 023
003 027
003 029
003 031
003 033
003 036
003 038
003 040
004 001
004 003
004 004
004 006
004 008
004 010
004 012
004 014
004 015
004 017
004 019
004 021
004 023
004 027
004 029
004 031
004 033
004 036
004 038
004 040
005 008
005 010
005 012
005 014
005 015
005 017
005 019
005 021
005 023
005 027
005 029
005 031
005 033
005 036
005 038
005 040
006 001
006 003
006 004
006 006
006 008
006 010
006 012
006 014
006 015
006 017
006 019
006 021
006 023
006 027
006 029
006 031
006 033
006 036
006 038
006 040
008 001
008 003
008 006
008 008
008 010
008 012
008 014
008 015
008 017
008 019
008 021
008 023
008 024
008 025
008 027
008 029
008 031
008 033
008 036
008 038
008 040
008 041
009 006
009 023
009 024
009 025
009 027
