001 002
001 003
001 007
001 008
001 010
001 011
001 016
002 002
002 003
002 007
002 008
002 010
002 011
002 016
002 020
002 021
002 023
002 024
002 025
003 002
003 003
003 007
003 008
003 010
003 011
003 016
003 020
003 021
003 023
003 024
003 025
004 001
004 002
004 005
004 007
004 010
004 013
004 014
004 018
004 020
004 024
004 025
006 001
006 002
006 005
006 007
006 010
006 013
006 014
006 018
006 020
006 024
006 025
008 001
008 002
008 005
008 007
008 010
008 013
008 018
008 020
008 024
009 001
009 002
009 005
009 007
009 010
009 024
