001 002
001 003
001 007
001 008
001 013
001 014
001 015
001 019
001 020
001 021
003 001
003 002
003 003
003 007
003 008
003 012
003 013
003 014
003 019
003 020
003 021
005 002
005 006
005 007
005 010
005 014
005 015
005 016
005 020
007 001
007 002
007 006
007 007
007 010
007 014
007 015
007 016
007 017
007 020
007 021
009 001
009 002
009 006
009 007
009 010
009 014
009 015
009 016
009 017
009 020
009 021
011 001
011 002
011 006
011 007
011 014
011 015
011 016
011 017
011 020
011 021
012 001
012 002
012 006
012 007
012 010
012 014
012 015
012 016
012 017
012 020
012 021
013 001
013 002
013 006
013 007
013 014
013 015
013 016
013 017
013 020
013 021
