001 019
001 020
002 011
002 013
002 015
002 017
002 019
002 020
002 023
002 025
002 027
003 001
003 003
003 005
003 006
003 008
003 009
003 011
003 013
003 015
003 017
003 019
003 020
003 023
003 025
003 027
004 001
004 003
004 005
004 006
004 008
004 009
004 011
004 013
004 015
004 017
004 023
004 025
004 027
006 019
006 020
007 006
007 007
007 008
007 011
007 013
007 015
007 017
007 019
007 020
007 023
007 025
007 027
008 006
008 007
008 008
008 011
008 013
008 015
008 017
008 023
008 025
008 027
010 019
010 020
011 006
011 007
011 008
011 011
011 013
011 015
011 017
011 019
011 020
011 023
011 025
012 006
012 007
012 008
012 011
012 013
012 015
012 017
012 023
012 025
014 011
014 013
014 015
014 017
014 020
014 021
014 023
014 025
