001 001
001 003
001 006
001 009
001 012
001 016
001 020
003 003
003 006
003 009
003 012
003 016
003 020
005 003
005 006
005 009
005 012
005 016
005 020
006 009
008 005
008 006
008 007
009 003
009 005
009 006
009 007
009 011
009 012
009 013
009 015
009 016
009 017
009 019
009 020
010 005
010 006
010 007
010 011
010 012
010 013
010 015
010 016
010 017
010 019
010 020
011 003
011 005
011 006
011 007
011 009
011 011
011 012
011 013
011 015
011 016
011 017
011 019
011 020
012 003
012 005
012 006
012 007
012 009
012 019
012 020
