001 009
001 015
002 005
002 006
002 009
002 015
002 018
002 019
004 001
004 003
004 006
004 007
004 011
004 012
004 017
004 018
004 021
006 001
006 003
006 006
006 007
006 011
006 012
006 017
006 018
006 021
008 012
008 013
009 001
009 003
009 006
009 007
009 012
009 013
009 017
009 018
009 021
010 001
010 003
010 006
010 007
010 017
010 018
010 021
012 012
012 013
013 001
013 003
013 006
013 007
013 012
013 013
013 017
013 018
013 021
014 001
014 003
014 006
014 007
014 017
014 018
014 021
016 017
016 018
016 019
