001 011
001 013
001 014
001 016
002 006
002 009
002 011
002 013
002 014
002 016
002 018
003 006
003 009
003 011
003 016
003 018
004 001
004 002
004 006
004 009
004 018
005 001
005 002
006 001
006 002
006 011
006 013
006 014
006 016
007 011
007 013
007 014
007 016
008 006
008 009
008 011
008 013
008 014
008 016
008 018
009 002
009 003
009 006
009 009
009 011
009 013
009 014
009 016
009 018
010 002
010 003
010 006
010 009
010 011
010 016
010 018
011 002
011 003
011 006
011 009
011 018
012 002
012 003
014 011
014 013
014 014
014 016
015 006
015 009
015 011
015 013
015 014
015 016
015 018
016 002
016 003
016 006
016 009
016 011
016 013
016 014
016 016
016 018
017 002
017 003
017 006
017 009
017 018
018 002
018 003
018 006
019 006
021 011
021 013
021 014
021 016
022 006
022 009
022 011
022 013
022 014
022 016
022 018
023 002
023 003
023 006
023 009
023 011
023 013
023 014
023 016
023 018
024 006
024 009
024 011
024 013
024 014
024 016
024 018
025 002
025 003
025 006
025 009
025 011
025 013
025 014
025 016
025 018
026 002
026 003
026 006
026 009
026 018
027 002
027 003
029 005
029 006
029 007
029 009
029 013
029 018
030 005
030 006
030 007
031 005
031 006
031 007
031 009
031 013
031 018
