001 014
001 015
001 017
001 019
001 020
001 021
001 023
001 024
001 025
001 027
001 028
001 029
001 030
001 031
002 001
002 003
002 004
002 014
002 015
002 017
002 019
002 020
002 021
002 023
002 024
002 025
002 027
002 028
002 029
002 030
002 031
002 041
002 042
002 044
003 001
003 003
003 004
003 041
003 042
003 044
004 001
004 003
004 004
004 006
004 007
004 039
004 041
004 042
004 044
005 001
005 003
005 004
005 006
005 007
005 009
005 037
005 039
005 041
005 042
005 044
006 001
006 003
006 004
006 006
006 007
006 009
006 011
006 012
006 013
006 014
006 019
006 020
006 021
006 022
006 023
006 025
006 026
006 027
006 029
006 030
006 031
006 033
006 034
006 035
006 037
006 039
006 041
006 042
006 044
007 006
007 007
007 009
007 011
007 012
007 013
007 014
007 019
007 020
007 021
007 022
007 023
007 025
007 026
007 027
007 029
007 030
007 031
007 033
007 034
007 035
007 037
007 039
008 001
008 003
008 004
008 006
008 007
008 009
008 011
008 012
008 013
008 014
008 019
008 020
008 021
008 022
008 023
008 025
008 026
008 027
008 029
008 030
008 031
008 033
008 034
008 035
008 037
008 039
008 041
008 042
008 044
009 001
009 003
009 004
009 006
009 007
009 037
009 039
009 041
009 042
009 044
010 001
010 003
010 004
010 006
010 007
010 039
010 041
010 042
010 044
011 001
011 003
011 004
011 006
011 007
011 009
011 037
011 039
011 041
011 042
011 044
012 001
012 003
012 004
012 006
012 007
012 009
012 011
012 012
012 013
012 014
012 019
012 020
012 021
012 022
012 023
012 025
012 026
012 027
012 029
012 030
012 031
012 033
012 034
012 035
012 037
012 039
012 041
012 042
012 044
013 006
013 007
013 009
013 011
013 012
013 013
013 014
013 019
013 020
013 021
013 022
013 023
013 025
013 026
013 027
013 029
013 030
013 031
013 033
013 034
013 035
013 037
013 039
014 037
016 001
016 003
016 004
016 006
016 007
016 039
016 041
016 042
016 044
019 001
019 003
019 004
019 006
019 007
019 009
019 012
019 019
019 020
019 021
019 022
019 023
019 025
019 026
019 027
019 029
019 030
019 031
019 034
019 037
019 039
019 041
019 042
019 044
020 009
020 012
020 034
020 037
022 001
022 003
022 004
022 006
022 007
022 039
022 041
022 042
022 044
023 001
023 003
023 004
023 006
023 007
023 009
023 012
023 019
023 020
023 021
023 022
023 023
023 025
023 026
023 027
023 029
023 030
023 031
023 034
023 037
023 039
023 041
023 042
023 044
024 009
024 012
024 034
024 037
025 009
025 012
025 034
027 001
027 003
027 004
027 006
027 007
027 037
027 039
027 041
027 042
027 044
028 001
028 003
028 004
028 006
028 007
028 009
028 012
028 019
028 020
028 021
028 022
028 023
028 025
028 026
028 027
028 029
028 030
028 031
028 034
028 037
028 039
028 041
028 042
028 044
029 006
029 007
029 009
029 012
029 034
029 037
030 009
030 012
030 034
030 037
032 001
032 003
032 004
032 006
032 007
032 039
032 041
032 042
032 044
033 001
033 003
033 004
033 006
033 007
033 009
033 012
033 019
033 020
033 021
033 022
033 023
033 025
033 026
033 027
033 029
033 030
033 031
033 034
033 037
033 039
033 041
033 042
033 044
034 001
034 003
034 004
034 006
034 007
034 009
034 012
034 034
034 037
034 039
036 004
036 005
036 006
036 012
036 020
036 021
036 022
036 023
036 030
036 031
036 034
036 041
039 021
039 022
039 023
039 024
039 025
039 026
039 027
039 028
039 029
039 030
