001 004
001 006
001 007
001 011
001 012
001 015
001 016
001 017
001 018
001 021
001 022
001 023
001 025
001 026
002 001
002 004
002 006
002 007
002 011
002 012
002 015
002 016
002 017
002 018
002 021
002 022
002 023
002 025
002 026
003 001
005 004
005 006
005 007
005 011
005 012
005 015
005 016
005 017
005 018
005 021
005 022
005 023
005 025
005 026
006 001
006 004
006 006
006 007
006 011
006 012
006 015
006 016
006 017
006 018
006 021
006 022
006 023
006 025
006 026
007 001
009 011
009 014
009 015
009 016
009 018
009 019
010 004
010 006
010 007
010 011
010 014
010 015
010 016
010 018
010 019
010 021
010 022
010 023
010 025
010 026
011 004
011 006
011 007
011 011
011 018
011 019
011 021
011 022
011 023
011 025
011 026
012 004
012 006
012 007
012 021
012 022
012 023
012 025
012 026
014 011
014 014
014 015
014 016
014 018
014 019
015 003
015 004
015 007
015 008
015 011
015 014
015 015
015 016
015 018
015 019
015 021
015 022
015 026
015 027
016 003
016 004
016 007
016 008
016 011
016 018
016 019
016 021
016 022
016 026
016 027
018 004
018 006
018 007
018 011
018 012
018 016
018 017
018 018
018 019
018 026
019 004
019 006
019 007
019 011
019 012
019 016
019 017
019 018
019 019
020 004
020 006
020 007
020 011
020 012
020 016
020 017
020 018
020 019
020 022
020 023
020 024
020 025
020 026
020 027
021 022
021 023
021 024
021 025
021 026
021 027
022 004
022 005
022 006
022 007
022 022
022 023
022 024
022 025
022 026
022 027
023 004
023 005
023 006
023 007
023 011
023 012
023 022
023 023
023 024
023 025
023 026
023 027
024 004
024 005
024 006
024 007
024 022
024 023
024 024
024 025
024 026
024 027
