001 008
001 013
003 001
003 003
003 008
003 009
003 015
004 001
004 003
004 006
004 008
004 009
004 011
004 015
006 001
006 003
006 005
006 006
006 008
006 009
006 011
006 012
006 013
006 015
006 016
006 018
008 001
008 003
008 005
008 006
008 008
008 009
008 011
008 012
008 013
008 015
008 016
008 018
010 008
010 009
012 001
012 003
012 005
012 006
012 011
012 012
012 013
012 015
012 016
012 018
013 001
013 003
013 005
013 006
013 008
013 009
013 011
013 012
013 013
013 015
013 016
013 018
014 008
014 009
