001 001
001 002
001 003
001 006
001 007
002 001
002 002
002 003
002 006
002 007
002 012
002 013
002 015
002 016
002 018
002 020
002 021
002 023
003 012
003 013
003 015
003 016
003 018
003 020
003 021
003 023
005 002
005 003
005 004
005 005
005 006
005 012
005 013
005 015
005 016
005 018
005 020
005 021
005 023
007 002
007 003
007 004
007 005
007 006
007 012
007 013
007 015
007 016
007 018
007 020
007 021
007 023
009 003
009 004
009 005
009 006
009 007
009 008
009 013
009 016
009 018
009 021
009 023
011 002
011 003
011 005
011 006
011 007
011 008
011 010
011 013
011 016
011 018
011 021
012 013
012 016
012 018
012 021
