001 003
003 001
003 003
003 005
003 013
003 015
003 016
004 001
004 003
004 005
005 001
005 003
005 005
005 007
005 008
005 009
005 013
005 018
005 019
005 020
006 007
006 008
006 009
006 013
006 018
006 019
006 020
008 001
008 003
008 005
009 001
009 003
009 005
009 009
009 011
009 020
009 022
009 023
009 024
010 009
010 011
010 020
010 022
010 023
010 024
012 001
012 003
012 005
013 001
013 003
013 005
013 007
013 009
013 015
013 016
013 018
013 020
013 022
013 023
014 007
014 009
014 015
014 016
014 018
014 020
014 022
014 023
016 001
016 003
016 005
017 001
017 003
017 005
017 007
017 009
017 015
017 016
017 018
017 020
017 022
017 023
018 007
018 009
018 015
018 016
018 018
018 020
018 022
018 023
020 001
020 003
020 005
021 001
021 003
021 005
021 007
021 009
021 013
021 014
021 015
021 020
021 022
021 023
022 007
022 009
022 013
022 014
022 015
022 020
022 022
022 023
