001 001
001 003
001 005
001 007
001 009
001 011
001 013
001 015
003 001
003 003
003 005
003 007
003 009
003 011
003 013
003 015
005 001
005 003
005 005
005 007
005 009
005 011
005 013
005 015
007 001
007 003
007 005
007 007
007 009
007 011
007 013
007 015
009 001
009 003
009 005
009 007
009 009
009 011
009 013
009 015
011 001
011 003
011 005
011 007
011 009
011 011
011 013
011 015
013 001
013 003
013 005
013 007
013 009
013 011
013 013
013 015
015 001
015 003
015 005
015 007
015 009
015 011
015 013
017 001
017 003
017 005
017 007
017 009
017 011
017 013
019 001
019 002
019 003
019 005
019 006
019 007
