001 009
001 010
001 011
003 009
003 010
003 011
004 002
004 004
004 009
004 010
004 011
004 014
004 017
005 002
005 004
005 009
005 010
005 011
005 017
006 002
006 004
006 017
007 002
007 004
007 009
007 010
007 011
007 017
008 002
008 009
008 010
008 011
009 009
009 010
009 011
010 001
010 002
010 004
010 009
010 010
010 011
010 017
010 019
011 001
011 002
011 004
011 009
011 010
011 011
011 017
011 019
012 001
012 002
012 004
012 006
012 009
012 010
012 011
012 014
012 015
012 017
012 019
013 001
013 002
013 004
013 006
013 014
013 015
013 017
013 019
014 001
014 002
014 004
014 006
014 009
014 010
014 011
014 014
014 015
014 017
014 019
015 001
015 002
015 004
015 009
015 010
015 011
015 014
015 015
015 019
016 009
016 010
016 011
017 004
017 006
017 009
017 010
017 011
017 014
017 015
017 017
017 019
018 004
018 006
018 014
018 015
018 017
018 019
019 001
019 002
019 004
019 006
019 014
019 015
019 017
019 019
020 001
020 002
020 004
020 017
020 019
021 001
021 002
021 004
021 006
021 014
021 015
021 017
021 019
022 001
022 002
022 004
022 006
022 008
022 009
022 011
022 012
022 014
022 015
022 017
022 019
023 008
023 009
023 011
023 012
024 008
024 009
