001 002
001 003
001 005
001 006
001 015
001 016
001 018
002 002
002 003
002 005
002 006
002 009
002 010
002 015
002 016
002 018
003 009
003 010
004 001
004 002
004 006
004 007
004 009
004 010
004 013
004 014
004 015
004 020
004 021
005 001
005 002
005 006
005 007
005 013
005 014
005 015
005 020
005 021
006 001
006 002
006 006
006 007
006 010
006 011
006 013
006 014
006 015
006 020
006 021
007 010
007 011
008 001
008 002
008 010
008 011
008 014
008 015
008 016
008 021
008 022
009 001
009 002
009 014
009 015
009 016
009 021
009 022
010 001
010 002
010 010
010 011
010 014
010 015
010 016
010 021
010 022
011 010
011 011
012 001
012 002
012 010
012 011
012 014
012 015
012 016
012 021
012 022
013 001
013 002
013 014
013 015
013 016
013 021
013 022
014 001
014 002
014 021
014 022
