001 001
001 003
001 005
001 007
001 009
001 011
001 012
001 014
001 015
001 016
001 018
001 022
001 024
001 026
001 027
001 028
001 029
001 031
001 032
001 033
003 001
003 003
003 005
003 007
003 009
003 011
003 012
003 014
003 015
003 016
003 018
003 022
003 024
003 026
003 027
003 028
003 029
003 031
003 032
003 033
005 012
005 013
005 014
005 016
005 017
005 018
005 020
005 022
005 023
005 024
005 025
005 026
005 027
005 029
005 030
005 031
005 033
005 034
006 012
006 013
006 014
006 016
006 017
006 018
006 020
006 022
006 023
006 024
006 025
006 026
006 027
006 029
006 030
006 031
006 033
006 034
