001 034
002 023
002 024
002 034
003 023
003 024
005 003
005 010
005 011
007 032
007 033
007 034
007 035
008 005
008 006
008 007
008 008
008 020
008 021
008 022
008 023
008 032
008 033
008 034
008 035
009 005
009 006
009 007
009 008
009 014
009 015
009 020
009 021
009 022
009 023
009 032
009 033
009 034
009 035
010 005
010 006
010 007
010 008
012 026
012 027
012 028
012 029
012 030
012 031
012 032
013 006
013 007
013 008
013 009
013 010
013 011
013 026
013 027
013 028
013 029
013 030
013 031
013 032
013 038
014 001
014 002
014 006
014 007
014 008
014 009
014 010
014 011
014 017
014 018
014 019
014 020
014 026
014 027
014 028
014 029
014 030
014 031
014 032
014 038
015 001
015 002
015 006
015 007
015 008
015 009
015 010
015 011
015 017
015 018
015 019
015 020
015 026
015 027
015 028
015 029
015 030
015 031
015 032
018 002
018 003
018 005
018 006
018 030
018 031
018 032
018 033
018 034
018 035
018 036
019 002
019 003
019 005
019 006
019 010
019 011
019 012
019 013
019 014
019 015
019 020
019 021
019 022
019 023
019 030
019 031
019 032
019 033
019 034
019 035
019 036
021 003
021 005
021 006
021 007
021 022
021 023
021 024
021 025
021 026
021 031
021 032
021 033
021 034
021 035
022 003
022 005
022 006
022 007
022 014
022 015
022 016
022 017
022 018
022 022
022 023
022 024
022 025
022 026
022 031
022 032
022 033
022 034
022 035
023 003
023 005
023 006
023 007
025 023
025 024
025 025
025 026
025 027
025 028
025 031
025 032
025 033
025 034
025 035
025 036
025 037
025 038
026 001
026 002
026 003
026 005
026 006
026 007
026 008
026 009
026 010
026 013
026 014
026 018
026 019
026 020
026 023
026 024
026 025
026 026
026 027
026 028
026 031
026 032
026 033
026 034
026 035
026 036
026 037
026 038
027 001
027 002
027 003
027 005
027 006
027 007
027 008
027 009
027 010
029 010
029 011
029 012
029 013
029 014
029 015
029 016
029 017
029 018
029 019
029 020
029 021
029 022
029 023
029 028
029 029
029 030
029 031
029 032
029 033
029 034
029 035
029 036
030 010
030 011
030 012
030 013
030 014
030 015
030 016
030 017
030 018
030 019
030 020
030 021
030 022
030 023
