001 001
001 003
001 005
001 007
001 009
003 001
003 003
003 005
003 007
003 009
004 001
004 003
004 005
004 007
004 009
004 012
004 015
004 017
004 019
004 021
004 024
004 027
004 029
005 012
005 015
005 017
005 019
005 021
005 024
005 027
005 029
006 027
006 029
008 001
008 003
008 005
008 007
008 009
009 001
009 003
009 005
009 007
009 009
009 012
009 015
009 017
009 019
009 021
009 024
009 027
009 029
010 012
010 015
010 017
010 019
010 021
010 024
010 027
010 029
011 027
011 029
013 001
013 003
013 005
013 007
013 009
014 001
014 003
014 005
014 007
014 009
014 012
014 015
014 017
014 019
014 021
014 024
014 027
014 028
014 029
015 012
015 015
015 017
015 019
015 021
015 024
015 027
015 028
015 029
016 027
016 028
016 029
018 001
018 003
018 007
018 009
019 001
019 003
019 007
019 009
019 011
019 012
019 013
019 015
019 017
019 019
019 021
019 023
019 024
019 025
019 027
019 028
019 029
019 030
020 011
020 012
020 013
020 015
020 017
020 019
020 021
020 023
020 024
020 025
020 027
020 028
020 029
020 030
021 011
021 012
021 013
021 023
021 024
021 025
021 027
021 028
021 029
021 030
022 011
022 012
022 013
022 023
022 024
022 025
023 023
023 024
023 025
