001 001
001 003
001 005
001 008
001 009
001 012
001 014
001 016
001 018
001 021
001 023
001 025
001 028
001 029
003 001
003 002
003 003
003 004
003 005
003 006
003 007
003 008
003 009
003 010
003 011
003 012
003 013
003 014
003 015
003 016
003 018
003 019
003 020
003 021
003 022
003 023
003 024
003 025
003 026
003 027
003 028
003 029
003 031
003 032
004 001
004 002
004 003
004 004
004 005
004 006
004 007
004 008
004 009
004 010
004 011
004 012
004 013
004 014
004 015
004 016
004 018
004 019
004 020
004 021
004 022
004 023
004 024
004 025
004 026
004 027
004 028
004 029
004 031
004 032
004 034
004 035
004 036
006 003
006 004
006 005
006 006
006 011
006 012
006 013
006 014
006 015
006 016
006 021
006 022
006 023
006 024
006 025
006 026
006 031
006 035
007 011
007 012
007 013
007 014
007 015
007 016
007 021
007 022
007 023
007 024
007 025
007 026
007 031
007 035
