001 010
001 011
001 012
001 023
002 010
002 011
002 012
004 002
004 003
004 008
004 012
004 013
004 015
004 020
004 022
004 023
004 024
004 026
005 002
005 003
005 008
005 012
005 013
005 015
007 008
007 012
007 013
007 015
007 016
007 018
007 020
007 022
007 023
007 024
007 026
007 028
007 029
008 002
008 003
008 008
008 012
008 013
008 015
008 016
008 018
008 020
008 022
008 023
008 024
008 026
008 028
008 029
009 002
009 003
011 007
011 008
011 011
011 012
011 013
011 015
011 016
011 018
011 026
011 027
011 028
012 001
012 002
012 005
012 007
012 008
012 011
012 012
012 013
012 015
012 016
012 018
012 026
012 027
012 028
013 001
013 002
013 005
013 018
