001 024
002 008
002 009
002 011
002 012
002 019
002 024
003 008
003 009
003 011
003 012
003 019
005 003
005 005
005 008
005 009
005 011
005 012
005 017
005 021
005 023
005 024
006 001
006 003
006 005
006 008
006 009
006 011
006 012
006 017
006 021
006 023
006 024
007 001
007 003
007 005
007 008
007 009
007 017
007 021
007 023
007 024
008 001
008 023
008 024
009 023
009 024
011 010
011 011
011 012
012 007
012 010
012 011
012 012
012 015
013 001
013 003
013 005
013 007
013 010
013 011
013 012
013 015
013 017
013 021
013 023
013 024
014 001
014 003
014 005
014 007
014 015
014 017
014 021
014 023
014 024
015 023
015 024
017 010
017 011
017 012
018 007
018 010
018 011
018 012
018 015
019 003
019 005
019 007
019 010
019 011
019 012
019 015
019 017
019 021
020 003
020 005
020 007
020 015
020 017
020 021
022 010
022 011
022 012
023 003
023 005
023 007
023 010
023 011
023 012
023 015
023 017
023 021
024 003
024 005
024 007
024 015
024 017
024 021
026 003
026 005
026 010
026 011
026 017
026 021
027 003
027 005
027 017
027 021
028 003
028 005
028 009
028 010
028 011
028 012
028 017
028 021
029 009
029 010
029 011
029 012
030 009
030 010
030 011
030 012
030 017
