001 002
001 004
001 006
001 007
001 017
001 018
001 020
001 022
001 023
002 002
002 004
002 006
002 007
002 009
002 010
002 017
002 018
002 020
002 022
002 023
002 025
002 026
003 002
003 004
003 006
003 007
003 009
003 010
003 012
003 014
003 017
003 018
003 020
003 022
003 023
003 025
003 026
004 002
004 004
004 006
004 007
004 009
004 010
004 012
004 014
004 017
004 018
004 020
004 022
004 023
004 025
004 026
004 028
005 009
005 010
005 012
005 014
005 025
005 026
005 028
006 012
006 014
006 028
008 004
008 020
013 001
013 002
013 004
013 007
013 008
013 009
013 012
013 014
013 016
013 017
013 020
013 023
013 024
013 025
013 028
014 007
014 008
014 009
014 012
014 014
014 016
014 017
014 023
014 024
014 025
014 028
015 012
015 014
015 016
015 017
015 028
017 020
018 001
018 002
018 004
018 007
018 008
018 009
018 012
018 014
018 016
018 017
018 020
018 023
018 024
018 025
018 028
019 001
019 002
019 004
019 007
019 008
019 009
019 012
019 014
019 016
019 017
019 023
019 024
019 025
019 028
020 014
