001 021
002 001
002 021
003 001
005 004
005 005
005 006
005 008
005 009
005 010
005 012
005 013
005 014
005 016
005 017
005 018
006 004
006 005
006 006
006 008
006 009
006 010
006 012
006 013
006 014
006 016
006 017
006 018
006 021
007 001
007 021
008 001
010 004
010 005
010 006
010 008
010 009
010 010
010 012
010 013
010 014
010 016
010 017
010 018
011 001
011 004
011 005
011 006
011 008
011 009
011 010
011 012
011 013
011 014
011 016
011 017
011 018
011 021
012 001
012 021
014 004
014 005
014 006
014 008
014 009
014 010
014 012
014 013
014 014
014 016
014 017
014 018
015 001
015 004
015 005
015 006
015 008
015 009
015 010
015 012
015 013
015 014
015 016
015 017
015 018
015 021
016 001
016 021
018 001
018 003
018 004
018 006
018 007
018 008
018 010
018 011
018 012
018 014
018 015
018 016
018 018
018 019
