001 013
001 015
001 017
003 003
003 006
003 009
003 024
004 003
004 006
004 009
004 011
004 013
004 014
004 015
004 016
004 017
004 019
004 024
005 011
005 013
005 014
005 015
005 016
005 017
005 019
006 001
006 003
006 005
006 006
006 008
006 009
006 011
006 013
006 014
006 015
006 016
006 017
006 019
006 021
006 023
006 024
006 026
006 028
008 001
008 003
008 005
008 006
008 008
008 009
008 011
008 013
008 014
008 015
008 016
008 017
008 019
008 021
008 023
008 024
010 005
010 006
010 008
010 009
010 011
010 013
010 014
010 015
010 016
010 017
010 019
010 023
010 024
012 005
012 006
012 008
012 009
012 011
012 013
012 014
012 015
012 016
012 017
012 019
012 021
012 023
012 024
