001 001
001 003
001 005
001 007
001 009
001 011
001 013
001 015
001 017
001 019
001 021
001 023
001 025
001 027
003 001
003 003
003 005
003 007
003 009
003 011
003 013
003 015
003 017
003 019
003 021
003 023
003 025
003 027
005 001
005 003
005 005
005 007
005 009
005 011
005 013
005 015
005 017
005 019
005 021
005 023
005 025
005 027
006 005
006 007
008 001
008 003
008 005
008 007
008 009
008 011
008 013
008 015
008 017
008 019
008 021
008 023
008 025
008 027
009 001
009 003
009 005
009 007
009 009
009 011
010 005
010 007
012 013
012 015
012 017
012 019
012 021
012 023
012 025
012 027
013 001
013 003
013 005
013 007
013 009
013 011
013 013
013 015
013 017
013 019
013 021
013 023
013 025
013 027
