001 007
001 008
001 015
001 016
001 017
002 007
002 008
002 012
002 015
002 016
002 017
002 021
004 002
004 003
004 004
004 008
004 009
005 002
005 003
005 004
005 008
005 009
005 011
005 012
005 014
005 015
005 017
005 018
005 020
005 021
006 002
006 003
006 004
006 008
006 009
006 011
006 012
006 014
006 015
006 017
006 018
006 020
006 021
006 023
007 008
007 009
007 011
007 012
007 014
007 015
007 017
007 018
007 020
007 021
007 023
008 011
008 012
008 014
008 015
008 017
008 018
008 020
008 021
008 023
009 017
009 018
009 023
011 001
011 002
011 003
011 004
011 005
012 001
012 002
012 003
012 004
012 005
012 008
012 009
012 011
012 012
012 014
012 015
012 017
012 018
012 020
012 021
012 025
013 001
013 002
013 003
013 004
013 005
013 008
013 009
013 011
013 012
013 014
013 015
013 017
013 018
013 020
013 021
013 023
013 025
014 008
014 009
014 011
014 012
014 014
014 015
014 017
014 018
014 020
014 021
014 023
015 017
015 018
017 001
017 002
017 003
017 004
017 005
017 008
017 009
017 011
017 012
017 014
017 015
017 017
017 018
017 020
017 021
017 023
017 025
018 001
018 002
018 003
018 004
018 005
018 008
018 009
018 011
018 012
018 014
018 015
018 017
018 018
018 020
018 021
018 023
019 017
019 018
