001 001
001 003
001 005
001 007
001 009
001 011
001 013
001 015
001 017
001 019
001 021
001 023
001 025
001 027
001 029
001 031
001 033
001 035
001 037
001 039
001 041
001 043
002 001
002 003
004 001
004 003
004 005
004 007
004 009
004 011
004 013
004 015
004 017
004 019
004 020
004 021
004 023
004 025
004 026
004 027
004 029
004 031
004 033
004 035
004 037
004 039
004 041
004 043
006 001
006 003
006 005
006 007
006 009
006 011
006 013
006 015
006 017
006 019
006 020
006 021
006 023
006 025
006 026
006 027
006 029
006 031
006 033
006 035
006 037
006 039
006 041
006 043
