001 016
003 001
003 003
003 005
003 008
003 011
003 013
003 015
003 016
003 017
005 001
005 003
005 005
005 008
005 011
005 013
005 015
005 016
005 017
007 001
007 003
007 005
007 008
007 011
007 013
007 015
007 016
007 017
009 001
009 003
009 005
009 008
009 011
009 013
009 015
009 016
009 017
011 001
011 003
011 005
011 007
011 008
011 009
011 011
011 013
011 015
011 016
011 017
012 001
012 003
012 005
012 011
012 013
012 015
012 016
012 017
013 001
013 003
013 005
013 007
013 008
013 009
013 011
013 013
013 015
013 016
013 017
014 007
014 008
014 009
015 003
015 004
015 005
015 007
015 008
015 009
015 011
015 012
015 013
016 007
016 008
016 009
