001 019
001 020
002 004
002 005
002 006
002 010
002 011
002 012
002 013
002 019
002 020
002 024
002 025
002 026
002 032
002 033
003 004
003 005
003 006
003 010
003 011
003 012
003 013
003 024
003 025
003 026
003 032
003 033
004 004
004 005
004 006
004 032
004 033
006 001
007 001
007 013
007 014
007 015
007 016
007 017
007 022
007 023
007 024
007 025
008 001
008 004
008 006
008 009
008 010
008 013
008 014
008 015
008 016
008 017
008 022
008 023
008 024
008 025
008 028
009 004
009 006
009 009
009 010
009 013
009 014
009 015
009 016
009 017
009 022
009 023
009 024
009 025
009 028
010 004
010 006
010 009
010 010
010 028
012 001
012 002
013 001
013 002
013 013
013 014
013 016
013 017
013 022
013 024
013 025
014 001
014 002
015 001
015 002
015 004
015 006
015 009
015 010
015 013
015 014
015 016
015 017
015 022
015 024
015 025
015 028
016 004
016 006
016 009
016 010
016 028
018 017
018 019
018 022
019 004
019 006
019 009
019 010
019 011
019 017
019 019
019 022
019 025
019 026
019 027
019 028
019 031
019 032
020 004
020 006
020 009
020 010
020 011
020 025
020 026
020 027
020 028
020 031
020 032
021 004
021 006
021 009
021 010
021 011
021 017
021 019
021 022
021 025
021 026
021 027
021 028
021 031
021 032
022 009
022 010
022 011
022 017
022 019
022 022
022 025
022 026
022 027
022 028
023 004
023 006
023 009
023 010
023 011
023 017
023 019
023 022
023 025
023 026
023 027
023 028
023 031
023 032
024 004
024 006
024 025
024 026
024 027
024 028
026 004
026 005
026 006
026 008
026 009
026 010
026 011
026 016
026 017
026 018
026 019
026 020
026 025
026 026
026 027
026 028
026 029
027 008
027 009
027 010
027 011
027 025
027 026
027 027
027 028
027 029
028 008
028 009
028 010
028 011
