001 007
001 008
001 011
001 012
001 022
001 024
001 026
001 027
001 028
003 003
003 005
003 008
003 009
003 012
003 013
003 015
003 017
003 019
003 020
003 024
003 025
003 026
003 028
003 029
003 031
003 033
005 003
005 005
005 008
005 009
005 012
005 013
005 015
005 017
005 019
005 020
005 024
005 025
005 026
005 028
005 029
005 031
005 033
007 003
007 005
007 008
007 009
007 012
007 013
007 015
007 017
007 019
007 020
007 024
007 025
007 026
007 028
007 029
007 031
007 033
009 005
009 008
009 009
009 015
009 017
009 020
009 022
010 001
010 005
010 008
010 009
010 015
010 017
010 020
010 022
011 001
