001 019
001 020
001 022
001 023
003 001
003 003
004 001
004 003
004 006
004 007
004 008
004 011
004 012
004 014
004 015
004 016
004 017
004 020
004 021
004 022
004 025
004 026
004 028
004 029
005 006
005 007
005 008
005 011
005 012
005 014
005 015
005 016
005 017
005 020
005 021
005 022
005 025
005 026
005 028
005 029
007 001
007 003
008 001
008 003
008 005
008 006
008 008
008 009
008 011
008 012
008 014
008 015
008 016
008 017
008 020
008 021
008 022
008 025
008 026
008 028
008 029
009 005
009 006
009 008
009 009
009 011
009 012
009 014
009 015
009 016
009 017
009 020
009 021
009 022
009 025
009 026
009 028
009 029
011 031
011 033
012 001
012 003
012 031
012 033
013 001
013 003
014 001
014 003
014 005
014 006
014 007
014 008
014 009
014 011
014 012
014 014
014 015
014 016
014 017
014 020
014 021
014 022
014 025
014 026
014 028
014 029
014 031
014 033
015 001
015 003
015 005
015 006
015 007
015 008
015 009
015 011
015 012
015 014
015 015
015 016
015 017
015 020
015 021
015 022
015 025
015 026
015 028
015 029
015 031
015 033
016 001
016 003
016 005
016 006
016 007
016 008
016 009
016 011
016 012
016 014
016 015
016 016
016 017
016 020
016 021
016 022
016 025
016 026
016 028
016 029
017 005
017 006
017 007
017 008
017 009
017 011
017 012
017 014
017 015
017 016
017 017
017 020
017 021
017 022
017 025
017 026
017 028
017 029
019 001
019 002
019 003
020 001
020 002
020 003
020 005
020 006
020 008
020 009
020 011
020 012
020 014
020 015
020 016
020 017
020 020
020 021
020 022
020 025
020 026
020 028
020 029
021 005
021 006
021 008
021 009
021 011
021 012
021 014
021 015
021 016
021 017
021 020
021 021
021 022
021 025
021 026
021 028
021 029
023 001
023 002
023 003
024 001
024 002
024 003
024 005
024 006
024 008
024 009
024 014
024 020
024 021
024 022
024 025
024 026
024 028
024 029
025 001
025 002
025 003
025 005
025 006
025 008
025 009
025 012
025 014
025 016
025 020
025 021
025 022
025 025
025 026
025 028
025 029
026 005
026 006
026 008
026 009
026 020
026 021
026 022
026 025
026 026
026 028
026 029
027 005
027 006
027 008
027 009
027 011
027 012
027 013
027 014
027 015
027 016
027 020
027 021
027 022
027 025
027 026
027 028
027 029
028 011
028 012
028 013
028 014
028 015
028 016
029 005
029 006
029 007
029 008
029 011
029 012
029 013
029 014
029 015
029 016
029 020
029 021
029 022
029 026
029 027
029 028
030 020
030 021
030 022
030 026
030 027
030 028
