001 002
001 005
001 010
001 011
001 015
001 016
001 017
001 018
001 024
001 025
002 010
002 011
002 015
002 016
002 017
002 018
002 024
002 025
003 010
003 011
003 015
003 016
003 017
003 018
003 024
003 025
003 028
004 024
004 025
004 028
005 028
006 007
006 009
006 010
006 028
009 001
009 002
009 007
009 009
009 010
009 013
009 016
009 018
009 020
009 021
009 024
009 025
010 001
010 002
010 007
010 009
010 010
010 013
010 016
010 018
010 020
010 021
010 024
010 025
010 028
011 001
011 002
011 016
011 018
011 020
011 021
011 024
011 025
011 028
012 028
014 001
014 002
014 007
014 009
014 010
014 013
014 020
014 021
014 024
014 025
015 001
015 002
015 007
015 009
015 010
015 013
015 016
015 018
015 020
015 021
015 024
015 025
015 028
016 001
016 002
016 016
016 018
016 020
016 021
016 024
016 025
016 028
017 028
019 001
019 002
019 003
019 007
019 009
019 010
019 013
019 015
019 016
019 017
019 018
019 021
019 022
019 025
019 026
020 001
020 002
020 003
020 007
020 009
020 010
020 013
020 015
020 016
020 017
020 018
020 021
020 022
020 025
020 026
020 028
021 001
021 002
021 003
021 015
021 016
021 017
021 018
021 021
021 022
021 025
021 026
021 028
022 028
