001 005
001 008
001 012
001 016
001 017
002 005
002 008
002 012
002 016
002 017
002 020
002 022
002 023
003 020
003 022
003 023
005 005
005 006
005 008
005 009
005 011
005 012
005 013
005 015
005 016
005 017
005 018
006 005
006 006
006 008
006 009
006 011
006 012
006 013
006 015
006 016
006 017
006 018
006 020
006 022
006 023
007 020
007 022
007 023
009 001
009 003
010 001
010 003
010 020
010 021
010 022
011 001
011 003
011 005
011 008
011 012
011 013
011 014
011 015
011 016
011 020
011 021
011 022
012 005
012 008
012 012
012 013
012 014
012 015
012 016
012 020
012 021
012 022
013 001
013 003
013 005
013 008
013 012
013 013
013 014
013 015
013 016
013 020
013 021
013 022
014 001
014 003
014 012
014 013
014 014
014 015
014 016
014 020
014 021
014 022
015 001
015 003
