001 003
001 005
001 007
001 009
001 011
001 013
001 015
002 001
002 003
002 005
002 007
002 009
002 011
002 013
002 015
003 001
005 003
005 005
005 007
005 009
005 011
005 013
005 015
006 001
006 003
006 005
006 007
006 009
006 011
006 013
006 015
007 001
009 003
009 005
009 007
009 009
009 011
009 013
009 015
009 017
010 001
010 003
010 005
010 007
010 009
010 011
010 013
010 015
010 017
011 001
013 003
013 005
013 007
013 009
013 011
013 013
013 015
013 017
014 001
014 003
014 005
014 007
014 009
014 011
014 013
014 015
014 017
015 001
