001 018
001 024
001 025
001 026
001 028
001 030
001 034
001 036
001 038
001 042
003 005
003 007
003 015
003 016
003 018
003 024
003 025
003 026
003 028
003 034
003 036
003 038
003 042
003 044
003 046
003 047
003 048
004 001
004 005
004 007
004 015
004 016
004 018
004 024
004 025
004 026
004 028
004 034
004 036
004 038
004 042
004 044
004 046
004 047
004 048
005 001
007 051
008 001
008 003
008 051
009 001
009 003
010 001
010 003
010 007
010 009
010 011
010 013
010 015
010 020
010 022
010 024
010 026
010 028
010 032
010 036
010 038
010 040
010 046
010 048
010 049
011 007
011 009
011 011
011 013
011 015
011 020
011 022
011 024
011 026
011 028
011 032
011 036
011 038
011 040
011 046
011 048
011 049
013 001
013 003
