001 007
001 012
001 013
001 014
001 017
001 020
001 021
003 001
003 002
003 003
003 005
003 007
003 012
003 013
003 014
003 017
003 020
003 021
003 023
004 005
004 007
004 012
004 013
004 014
004 017
004 020
004 021
004 023
006 025
008 001
008 003
008 005
008 007
008 012
008 013
008 014
008 017
008 020
008 021
008 023
009 001
009 003
009 005
009 007
009 012
009 013
009 014
009 017
009 020
009 021
009 023
009 025
010 025
011 014
011 015
011 018
011 025
012 001
012 002
012 003
012 010
012 014
012 015
012 018
012 025
013 001
013 002
013 003
013 010
013 014
013 015
013 018
014 001
014 002
014 003
014 005
014 007
014 010
014 014
014 015
014 018
014 020
014 021
014 023
015 001
015 002
015 003
015 005
015 007
015 010
015 020
015 021
015 023
016 005
016 007
016 010
016 020
016 021
016 023
018 010
018 014
018 015
018 018
019 005
019 007
019 010
019 014
019 015
019 018
019 020
019 021
019 023
020 005
020 007
020 010
020 020
020 021
020 023
021 010
023 005
023 009
023 010
023 011
023 012
023 018
023 019
023 020
023 023
025 009
025 010
025 011
025 012
026 005
026 009
026 010
026 011
026 012
026 018
026 019
026 020
027 009
027 010
027 011
027 012
027 018
027 019
027 020
