001 001
001 003
001 005
001 006
001 008
001 009
001 010
001 016
001 017
001 018
001 020
001 023
001 024
001 028
001 029
001 030
001 032
001 033
001 034
002 001
002 003
002 005
002 006
002 008
002 009
002 010
002 023
002 024
002 028
002 029
002 030
002 032
002 033
002 034
003 001
003 003
003 005
003 006
003 008
003 009
003 010
003 028
003 029
003 030
003 032
003 033
003 034
005 017
005 018
005 019
005 020
006 014
006 017
006 018
006 019
006 020
006 023
006 024
007 003
007 006
007 007
007 008
007 010
007 014
007 017
007 018
007 019
007 020
007 023
007 024
007 028
007 030
007 031
007 032
007 034
008 001
008 003
008 006
008 007
008 008
008 010
008 014
008 017
008 018
008 019
008 020
008 023
008 024
008 028
008 030
008 031
008 032
008 034
009 001
009 003
009 006
009 007
009 008
009 010
009 014
009 023
009 024
009 028
009 030
009 031
009 032
009 034
011 014
011 017
011 018
011 019
011 020
011 023
011 024
012 003
012 006
012 007
012 008
012 010
012 014
012 017
012 018
012 019
012 020
012 023
012 024
012 028
012 030
012 031
012 032
012 034
014 001
014 003
014 006
014 007
014 008
014 010
014 014
014 017
014 018
014 019
014 020
014 023
014 024
014 028
014 030
014 031
014 032
014 034
015 001
015 017
015 018
015 019
015 020
016 001
016 003
016 006
016 007
016 008
016 010
016 014
016 017
016 018
016 019
016 020
016 023
016 024
016 028
016 030
016 031
016 032
016 034
017 001
017 003
017 006
017 007
017 008
017 010
017 014
017 023
017 024
017 028
017 030
017 031
017 032
017 034
019 003
019 005
019 006
019 008
019 009
019 010
019 014
019 017
019 018
019 019
019 020
019 023
019 024
019 028
019 029
019 030
019 032
019 033
019 034
020 001
020 003
020 005
020 006
020 008
020 009
020 010
020 014
020 017
020 018
020 019
020 020
020 023
020 024
020 028
020 029
020 030
020 032
020 033
020 034
021 001
021 003
021 005
021 006
021 008
021 009
021 010
021 023
021 024
021 028
021 029
021 030
021 032
021 033
021 034
023 001
023 014
023 017
023 018
023 019
023 020
023 023
023 024
024 001
024 003
024 005
024 006
024 008
024 009
024 010
024 014
024 017
024 018
024 019
024 020
024 023
024 024
024 028
024 029
024 030
024 032
024 033
024 034
026 005
026 006
026 007
026 008
026 013
026 014
026 015
026 016
026 017
026 024
026 025
027 005
027 006
027 007
027 008
027 013
027 014
027 015
027 016
027 017
027 024
027 025
027 032
027 033
027 034
027 035
028 032
028 033
028 034
028 035
029 003
029 005
029 006
029 007
029 008
029 012
029 013
029 014
029 015
029 016
029 017
029 018
029 022
029 023
029 024
029 025
029 026
029 032
029 033
029 034
029 035
