001 019
003 019
004 001
004 004
004 008
004 012
004 015
004 017
004 019
005 001
005 004
005 008
005 012
005 015
005 017
007 019
008 001
008 004
008 008
008 012
008 015
008 017
008 019
009 001
009 004
009 008
009 012
009 015
009 017
011 001
011 004
011 008
011 012
011 015
011 017
012 008
014 003
014 004
014 005
014 007
014 008
014 009
014 011
014 012
014 013
015 003
015 004
015 005
015 007
015 008
015 009
015 011
015 012
015 013
015 015
015 017
016 003
016 004
016 005
016 007
016 008
016 009
016 011
016 012
016 013
