001 009
002 001
002 003
002 009
002 015
002 017
003 009
005 001
005 002
005 003
005 006
005 012
005 015
005 016
005 017
007 001
007 002
007 003
007 006
007 012
007 015
007 016
007 017
009 006
009 012
009 015
009 016
009 017
010 001
010 002
010 003
010 004
010 006
010 012
010 015
010 016
010 017
012 001
012 002
012 003
012 015
012 016
012 017
013 001
013 002
013 003
013 006
013 012
013 013
013 015
013 016
013 017
015 001
015 002
015 003
015 015
015 016
015 017
016 001
016 002
016 003
016 006
016 015
016 016
016 017
018 008
018 009
018 010
